PNW NE WEU CEU NEU SEU
196,2 478,2 52,2 89,1 74,0 34,0
9,89 3,261 1,57 0,96 0,64 0,26
173,1 338,22 60,0 63,3 48,2 20,0
193,5 470,0 40,0 68,0 52,0 22,0
181,7 408,16 45,1 70,0 66,0 26,0
192,0 470,4 50,0 82,0 74,0 30,0
194,4 331,5 46,0 68,0 44,0 26,0
13,169 25,293 11,29 2,44 12,22 0,8
190,0 333,3 38,0 54,0 38,0 20,2
192,0 475,1 36,0 68,0 60,0 33,1
136,46 384,40 33,17 82,6 47,21 14,4
193,1 462,2 58,0 96,0 67,5 42,0
190,4 531,1 45,1 95,1 72,0 32,0
196,0 252,0 59,3 100,0 70,0 28,0
173,17 339,5 53,1 74,0 52,0 28,0
64,136 154,356 17,29 30,56 7,51 17,11
59,135 83,349 8,56 18,86 29,55 10,24
168,6 328,0 42,0 66,0 46,0 20,0
164,0 328,4 27,1 48,0 32,0 6,0
189,1 484,6 50,0 74,0 62,0 29,1
16,88 4,336 0,50 0,78 0,70 0,24
198,0 540,0 56,2 95,1 66,0 32,0
99,101 180,202 15,25 18,50 30,30 12,16
120,2 284,0 43,1 80,0 70,0 32,0
170,14 337,5 32,0 58,0 46,0 22,0
144,0 452,0 43,5 78,0 52,0 14,0
170,0 377,5 48,0 42,0 46,0 10,0
196,0 522,10 54,0 98,0 76,0 30,0
182,0 330,0 43,1 65,1 66,0 22,0
88,76 306,120 27,15 29,41 29,21 6,20
176,0 333,9 43,5 67,5 62,0 18,0
44,138 125,321 7,43 12,82 16,46 3,35
77,97 147,301 14,28 14,68 17,45 7,17
191,9 420,8 39,3 82,2 58,2 26,2
194,0 573,7 58,0 104,0 78,0 40,0
1,191 4,372 1,41 2,82 0,54 0,18
180,0 523,9 56,0 87,1 68,0 38,0
196,0 396,14 67,1 101,1 75,3 36,0
134,64 389,7 23,1 27,1 28,0 14,0
196,4 420,2 66,0 102,0 82,0 36,0
33,165 122,340 16,28 19,67 23,39 4,14
84,84 189,169 9,39 18,66 21,37 5,15
192,4 496,14 50,0 97,1 73,1 36,2
109,1 289,5 62,0 87,1 58,0 30,0
196,0 402,0 52,0 72,0 60,0 19,1
191,5 475,21 24,0 71,1 52,4 21,1
193,3 470,0 42,0 86,0 64,0 28,0
178,8 409,11 36,2 64,0 46,0 32,0
177,11 488,38 52,4 103,3 73,3 28,0
125,69 407,63 41,17 65,17 73,3 27,11
69,125 175,315 21,43 54,56 48,36 6,34
187,1 447,1 54,0 90,0 61,1 26,0
175,7 503,3 29,1 70,0 50,0 18,0
179,5 402,0 32,0 68,0 48,0 26,0
156,0 366,4 38,0 64,0 38,0 16,0
180,0 466,12 60,0 86,0 64,0 24,0
196,0 503,7 52,0 70,0 59,1 30,0
176,0 536,0 59,3 104,2 80,0 38,0
181,5 310,20 30,0 62,2 50,0 23,1
179,11 447,27 59,3 103,1 69,15 36,4
190,0 308,0 40,0 48,2 46,0 17,3
10,180 1,387 0,42 1,79 0,52 0,28
195,3 295,19 48,2 74,0 54,0 18,0
190,0 274,2 58,0 94,0 64,2 25,3
184,2 479,3 56,2 91,1 66,0 34,0
197,3 530,8 55,1 92,0 70,2 40,0
186,0 365,5 42,0 46,0 34,0 20,0
95,95 242,186 15,15 37,29 24,18 10,10
192,2 503,13 48,0 98,4 72,0 36,0
85,101 152,250 17,37 38,38 27,35 14,14
176,0 371,7 42,0 76,0 62,0 18,0
193,3 484,0 52,2 86,0 72,0 22,0
9,189 17,577 0,62 0,114 5,75 0,40
190,4 118,138 36,24 54,38 36,46 29,5
13,155 17,285 7,35 7,67 5,65 1,25
101,99 206,318 21,39 34,58 29,41 14,18
157,39 519,21 51,7 87,13 68,2 24,2
179,1 313,9 47,3 65,3 39,13 33,1
150,36 294,26 31,5 63,5 41,9 18,0
0,190 6,314 0,36 1,69 2,50 0,32
156,0 422,12 50,2 83,1 70,0 26,0
183,1 350,2 8,0 27,1 24,0 6,0
188,0 424,20 58,0 72,0 62,0 14,0
184,6 464,90 63,5 91,5 77,5 31,3
162,0 369,1 42,0 66,0 66,0 14,0
198,0 590,12 61,1 112,0 85,3 38,4
190,0 491,1 58,4 108,0 73,1 42,0
192,0 509,5 64,0 110,0 84,0 30,2
198,0 487,5 26,0 68,0 46,0 20,0
195,3 525,19 51,1 96,0 66,0 34,0
186,0 537,7 59,1 84,0 70,2 30,0
176,12 375,3 44,0 68,0 60,0 28,0
125,59 118,238 19,25 57,21 13,33 16,2
176,2 448,4 54,0 82,0 48,0 18,0
198,0 576,12 60,0 100,8 86,2 44,0
171,5 293,5 39,7 52,2 46,0 18,0
142,0 395,7 44,0 79,3 54,0 20,0
122,42 244,62 39,5 51,7 46,4 13,1
198,0 374,2 60,0 75,1 61,1 28,0
20,176 0,372 0,32 0,54 0,40 0,6
198,0 571,7 60,0 105,1 76,0 42,0
124,68 135,95 31,19 67,25 38,16 22,2
184,0 414,0 50,0 72,0 65,1 25,3
186,6 404,6 38,0 85,1 56,0 23,1
194,0 345,1 44,0 66,0 40,0 16,0
193,1 317,7 42,0 54,0 50,0 18,0
199,1 388,2 57,1 92,0 66,0 24,0
15,165 27,407 4,34 21,57 8,42 7,17
190,0 471,3 54,0 88,0 64,0 32,0
169,3 299,13 38,4 41,3 38,0 12,0
102,96 272,270 30,26 33,67 24,44 11,19
9,163 0,386 0,52 1,83 0,62 0,20
160,0 391,1 52,2 64,0 44,0 28,0
140,54 261,47 35,17 52,6 20,16 7,5
87,5 312,26 50,6 73,7 62,2 32,0
200,0 611,7 62,0 108,0 82,0 42,0
167,15 328,70 22,16 35,11 48,4 13,1
166,20 264,30 52,4 74,10 41,7 26,0
198,2 365,3 54,0 78,0 66,0 22,0
154,36 414,18 42,6 66,16 49,1 26,2
192,0 568,6 61,1 101,3 84,0 38,0
195,3 572,2 62,0 108,0 74,0 38,0
168,22 378,66 27,3 70,6 33,17 26,0
139,7 410,2 44,2 90,0 62,0 24,0
141,5 369,1 34,0 76,0 48,0 20,0
187,3 503,1 48,0 102,0 72,0 34,0
194,0 436,2 58,0 92,0 74,0 34,0
185,9 514,0 70,0 108,0 82,0 28,0
89,103 268,202 32,14 58,42 44,24 21,5
188,2 421,1 44,0 70,0 64,0 18,0
194,6 503,7 38,2 57,3 62,2 27,3
193,5 482,0 58,0 92,0 62,0 36,0
190,6 410,0 32,0 86,2 62,0 32,0
184,0 399,5 50,0 76,0 50,2 22,0
178,0 313,1 40,0 64,0 46,0 20,4
198,0 498,2 50,0 64,0 56,0 24,0
198,0 476,20 54,0 80,4 60,0 25,1
196,2 580,14 68,0 108,2 82,2 44,0
186,4 484,2 40,0 48,2 38,0 12,0
187,5 440,2 46,0 82,0 58,2 22,0
186,6 418,40 59,1 86,2 48,10 30,0
155,43 364,44 31,13 72,2 53,3 17,13
9,189 3,371 0,38 1,55 2,36 0,22
161,7 468,2 48,2 86,2 74,0 32,0
87,3 423,1 44,0 77,1 54,0 24,0
164,32 510,6 41,1 88,0 52,2 34,0
187,1 429,5 64,0 84,0 70,0 22,0
168,4 296,22 41,1 49,1 46,0 18,0
149,23 304,82 50,12 57,43 49,5 30,4
196,0 604,0 68,0 99,7 88,0 44,0
200,0 592,10 64,0 112,0 92,0 40,0
189,7 588,2 62,0 112,0 85,1 38,0
3,129 3,423 0,60 1,87 1,73 0,16
157,31 494,18 47,13 86,6 79,1 26,0
125,61 342,120 33,9 79,11 60,10 25,1
108,70 251,35 34,4 39,11 31,7 8,12
170,0 484,2 58,0 62,0 60,0 4,0
187,5 586,12 59,1 109,1 82,0 36,0
190,6 478,4 42,0 94,0 50,0 30,0
194,2 540,6 49,1 93,1 68,0 29,5
191,7 533,17 49,1 73,3 66,0 32,2
10,188 7,527 0,48 0,78 1,59 0,22
149,33 270,88 23,5 55,15 41,9 11,1
191,1 379,53 53,7 77,7 64,0 11,1
159,9 298,32 34,2 44,0 56,0 10,0
175,11 498,4 54,0 98,0 70,2 35,1
182,0 432,8 57,1 50,2 55,1 22,0
196,0 290,4 25,1 44,0 39,1 12,0
180,6 311,39 38,10 70,2 32,6 10,2
72,122 215,141 11,21 12,34 31,15 10,8
126,70 386,50 35,17 56,20 38,8 13,13
164,0 290,12 52,0 73,7 70,2 20,0
185,1 360,8 50,0 63,1 55,1 24,0
182,0 500,20 54,0 86,4 64,0 34,0
119,73 366,192 46,16 65,31 44,34 14,22
156,36 459,83 47,9 80,16 69,15 27,9
188,0 266,0 48,2 83,3 46,0 26,0
156,42 394,100 49,9 75,25 78,8 33,1
186,10 580,14 48,2 90,2 68,0 24,4
173,7 517,7 63,1 111,3 82,2 30,0
196,0 581,5 56,0 100,0 78,0 40,0
118,0 365,1 42,0 52,4 50,0 12,0
189,5 468,8 58,0 88,0 64,0 30,0
175,15 342,22 50,4 74,4 49,1 18,4
199,1 381,5 44,2 78,0 52,0 22,0
178,0 440,10 56,0 48,0 66,0 10,0
164,30 450,70 53,5 93,7 76,4 36,2
63,117 166,196 10,32 14,48 15,11 6,12
185,5 519,1 54,0 86,0 74,0 30,0
179,7 440,10 51,1 81,1 62,0 23,1
190,4 593,1 62,0 111,1 72,0 46,0
190,0 552,0 60,0 82,10 56,0 24,0
49,143 79,331 8,18 9,21 8,36 2,12
186,0 460,18 52,0 100,0 68,0 36,0
180,2 333,1 46,0 72,2 54,0 20,0
182,0 457,13 60,0 66,0 56,0 25,7
194,0 525,5 46,0 78,0 62,0 30,0
20,158 42,270 11,25 32,28 9,43 5,19
193,5 612,0 64,0 108,0 88,0 46,0
194,2 465,41 52,6 95,3 76,2 33,1
175,23 400,106 42,12 85,13 63,17 35,1
197,3 503,5 48,0 86,0 49,3 26,0
10,188 24,502 6,44 4,94 1,75 6,30
191,5 403,117 47,3 86,8 69,7 37,1
192,4 509,11 54,0 90,0 66,0 34,0
196,0 386,6 53,1 94,0 67,1 30,0
182,4 367,3 40,0 66,2 50,0 20,0
180,0 520,6 50,0 106,0 72,0 26,0
194,0 475,3 51,3 67,1 58,0 28,0
178,12 390,36 41,1 59,3 47,5 21,3
186,8 441,23 42,6 75,7 52,12 40,0
8,186 1,327 0,58 0,90 0,70 0,34
196,0 438,0 50,0 75,1 64,0 32,0
169,11 273,1 57,1 74,2 64,0 24,0
192,2 281,31 42,0 68,2 44,10 12,0
194,2 453,5 59,3 111,1 83,3 40,0
198,0 321,9 40,0 80,0 52,0 18,0
152,0 362,0 40,0 52,4 44,0 20,0
142,46 377,117 30,28 55,25 59,5 24,6
194,0 376,0 52,0 66,4 60,0 24,0
143,1 362,42 55,1 53,1 39,9 16,0
189,7 519,1 62,0 96,0 86,0 34,0
157,39 418,120 48,8 83,17 64,8 25,3
197,3 355,31 41,1 76,0 44,4 18,0
182,0 268,2 47,3 81,3 60,2 24,0
178,0 513,5 64,0 102,0 76,0 38,0
160,2 306,0 44,0 64,0 42,0 22,0
9,185 1,327 0,34 2,42 0,42 0,10
198,0 474,4 52,0 92,0 76,0 28,0
194,2 443,3 58,0 77,1 62,0 24,0
184,2 367,7 43,1 74,0 50,0 16,0
171,3 369,1 36,0 34,2 50,6 22,0
190,6 587,1 68,0 112,0 80,0 44,0
189,1 300,0 52,0 48,0 49,3 15,1
192,2 343,37 38,2 72,2 51,1 18,0
183,7 465,1 48,2 88,0 63,1 22,0
200,0 313,19 40,0 60,0 48,0 14,0
181,9 435,5 53,1 84,2 68,0 34,0
160,0 341,1 28,2 38,4 32,0 14,0
194,0 379,1 36,0 72,0 48,0 18,4
150,0 251,1 43,1 75,1 56,0 22,0
190,0 533,13 52,0 103,3 58,10 42,0
94,100 234,266 27,29 33,29 45,41 12,12
188,10 530,12 51,5 90,0 74,0 38,0
150,0 291,3 44,2 73,3 39,1 12,0
50,0 355,5 47,5 79,3 60,0 22,0
199,1 578,6 70,0 100,0 78,0 34,0
65,131 200,390 20,40 26,82 17,69 6,36
171,19 506,2 52,4 56,2 70,0 26,0
96,0 380,4 42,0 71,1 54,0 24,0
195,1 506,2 32,0 54,0 34,0 20,0
139,35 330,94 37,13 68,18 51,19 24,10
3,187 32,530 0,60 0,104 0,86 0,44
198,0 481,3 54,0 92,2 66,0 32,0
10,188 5,293 0,56 0,100 0,68 1,25
184,14 406,136 43,19 72,28 42,34 27,7
195,1 542,10 55,1 89,3 80,0 32,0
9,189 24,388 0,56 2,80 8,52 0,32
178,2 467,19 49,1 64,2 53,5 36,0
196,2 330,0 52,0 84,0 48,0 22,0
131,35 386,18 34,4 61,3 54,0 17,3
197,1 311,5 49,5 94,0 53,1 24,0
41,157 16,478 10,46 2,94 0,68 0,32
38,0 456,10 52,0 88,0 64,4 38,0
178,0 407,21 22,2 62,2 43,3 26,0
174,0 367,11 58,0 71,5 42,6 34,0
164,0 265,3 46,2 70,0 71,3 22,0
168,2 372,2 50,0 82,0 62,0 16,0
152,0 370,4 54,0 74,0 47,1 34,0
132,0 313,19 36,2 60,6 40,8 20,0
174,0 330,6 48,0 80,0 58,0 26,0
188,0 416,12 48,0 82,0 54,0 24,0
190,2 500,2 49,1 94,0 82,0 32,0
192,0 383,9 38,0 58,0 50,2 18,0
198,2 464,54 70,0 91,17 81,5 37,1
194,4 459,3 62,0 114,0 84,0 40,0
8,170 2,296 0,40 6,58 2,48 0,12
20,116 101,211 17,19 4,50 23,29 0,12
169,1 223,3 56,0 85,1 70,0 22,0
93,87 163,181 16,30 29,41 23,33 2,10
73,125 212,172 21,17 21,45 33,29 4,16
173,1 529,13 59,3 90,0 80,0 38,0
61,1 387,5 42,0 78,0 54,0 20,0
4,162 12,506 0,50 2,88 0,66 2,28
193,7 351,1 52,0 82,0 62,0 22,0
149,43 434,30 26,2 49,5 45,1 16,0
152,42 459,67 49,9 73,5 74,0 29,1
190,2 508,0 43,1 94,0 72,2 36,0
180,0 565,9 62,0 101,1 66,0 44,0
180,0 332,2 29,1 54,0 26,0 6,0
190,4 551,1 64,0 108,0 86,0 42,0
193,3 466,4 46,0 91,1 62,0 33,1
188,10 277,7 39,1 64,0 41,1 14,0
196,2 506,38 62,0 100,2 80,0 34,0
154,28 397,109 43,11 73,19 46,16 24,6
188,0 603,5 66,0 116,0 84,0 48,0
173,21 548,12 55,3 102,0 76,0 36,0
145,9 346,42 36,8 64,18 44,14 31,1
63,1 440,4 52,0 84,0 65,3 26,0
194,0 389,3 40,0 66,0 52,0 22,0
184,0 447,11 42,0 85,1 58,0 30,0
196,0 321,3 50,0 66,0 52,0 16,0
138,0 328,12 40,0 42,4 46,0 14,0
125,75 274,298 41,27 49,57 47,37 19,21
187,11 498,6 59,3 86,0 71,1 28,0
113,71 106,176 28,20 38,24 11,31 8,18
128,56 276,140 26,14 54,16 35,19 15,3
171,3 370,16 38,0 54,0 28,10 11,1
168,4 302,0 22,0 64,0 30,0 20,0
73,5 345,99 48,10 80,22 69,9 38,2
12,148 7,289 0,40 0,60 0,50 0,20
190,0 510,16 55,1 96,0 82,0 38,0
180,0 415,1 50,0 82,0 52,0 18,0
3,195 1,301 0,30 0,54 0,66 0,20
198,0 594,8 58,0 114,0 82,0 40,0
188,0 405,5 50,0 62,0 52,0 30,0
178,4 357,29 33,9 44,18 64,6 10,4
86,66 118,212 20,26 68,30 29,27 16,10
188,0 408,4 47,1 78,0 68,0 28,0
144,0 244,18 56,2 58,2 58,0 19,1
11,169 11,537 0,54 1,87 7,51 6,28
194,4 438,22 54,0 84,0 62,4 28,0
197,1 468,2 37,3 55,3 48,0 14,0
198,0 556,0 54,0 88,0 70,6 36,0
20,172 46,230 8,50 5,81 29,39 1,23
194,4 472,10 54,0 98,0 74,0 26,0
12,188 3,471 2,48 2,88 3,69 2,22
194,0 420,0 46,0 67,7 76,0 36,0
194,0 366,0 33,1 58,2 42,2 16,0
11,159 2,348 0,50 0,80 0,72 0,26
197,1 595,3 64,0 103,5 87,1 35,1
11,179 20,354 3,41 3,65 0,56 2,20
128,62 339,105 32,16 37,45 43,27 16,8
168,26 365,15 45,1 68,4 51,7 34,0
157,19 285,33 45,9 74,22 67,11 22,4
200,0 488,4 60,2 78,10 65,3 34,0
185,7 454,34 55,5 91,7 56,2 31,1
12,184 7,475 3,47 2,84 2,62 2,26
190,0 317,5 38,0 68,0 56,0 32,0
182,4 448,32 56,0 102,0 72,0 30,0
82,62 105,283 24,32 29,67 16,58 6,24
127,55 288,50 27,13 46,14 39,7 10,4
122,76 252,120 41,19 77,23 32,42 27,9
109,89 235,221 26,38 54,42 33,41 18,20
193,1 523,1 46,4 91,3 78,0 24,0
102,40 122,144 17,41 34,58 10,58 10,12
5,185 22,428 4,50 1,89 0,44 1,21
171,1 376,0 52,0 80,0 62,0 24,0
187,1 317,3 48,0 74,0 52,0 18,0
194,0 331,1 24,0 16,0 28,0 10,0
174,0 389,3 50,0 78,0 54,0 18,0
195,1 582,2 56,6 104,0 78,0 40,0
58,108 191,167 31,23 20,62 23,41 13,11
194,0 506,0 62,0 89,7 70,0 34,0
170,10 319,41 46,0 53,1 50,2 6,0
149,33 277,49 33,3 49,1 50,4 17,1
196,4 401,1 61,1 100,2 78,0 44,0
145,37 317,21 45,7 59,19 50,0 15,5
194,0 497,1 44,0 96,0 60,0 28,0
186,0 313,1 48,0 52,0 48,0 16,0
195,1 279,7 52,0 70,0 51,3 22,0
138,0 257,1 58,0 66,2 70,0 8,0
174,24 451,23 43,3 71,1 59,3 24,2
194,2 331,17 36,0 61,1 44,0 12,0
152,0 359,3 42,0 68,0 56,0 22,0
42,150 37,347 5,37 3,79 13,53 0,22
188,0 512,0 57,1 91,1 72,0 33,1
189,9 506,8 49,7 90,6 78,0 32,0
58,136 147,323 16,40 49,43 21,49 9,23
186,10 329,21 34,0 79,1 49,1 28,0
188,0 379,9 52,0 98,0 56,0 30,0
198,0 446,0 48,0 82,0 55,7 28,0
21,165 27,381 1,27 3,57 2,58 1,15
174,0 279,29 46,0 44,0 48,0 12,0
174,0 354,2 36,0 64,0 39,1 6,0
196,0 376,2 36,0 46,0 46,2 20,0
194,0 609,11 66,0 107,5 82,4 48,0
199,1 521,1 50,0 72,0 58,0 25,1
14,182 7,377 2,44 2,54 3,49 2,18
193,1 415,1 38,0 54,0 48,0 30,0
196,0 526,6 46,0 89,3 74,2 32,0
165,1 464,6 65,1 92,0 68,2 36,0
15,183 12,428 2,52 2,84 2,56 2,20
11,185 0,498 0,40 2,62 0,46 1,21
198,0 325,5 51,1 94,0 66,0 28,0
155,37 368,2 32,2 60,2 40,0 24,0
161,37 508,28 55,7 77,17 70,0 16,18
174,0 373,3 56,0 86,0 64,0 24,0
136,18 365,11 26,6 38,0 58,0 8,0
198,0 515,5 56,0 104,0 74,0 38,0
193,1 438,2 60,2 86,0 77,1 30,0
187,5 339,19 56,2 86,10 71,7 23,9
136,12 322,20 44,6 54,16 45,7 11,3
156,40 407,195 43,13 37,43 59,19 22,8
133,59 219,127 38,16 53,17 37,17 30,0
155,45 398,148 48,10 75,21 44,28 27,7
86,84 147,183 33,13 39,47 34,20 16,8
170,0 469,3 56,0 88,0 64,0 24,0
185,7 584,4 56,2 104,0 84,0 40,0
10,188 8,482 1,61 14,94 1,75 2,26
190,6 309,5 45,3 65,17 60,0 38,0
193,1 479,13 59,1 100,0 59,9 28,0
192,0 250,0 46,0 59,1 46,0 24,0
196,0 373,1 52,0 80,0 62,0 30,0
170,4 252,72 33,17 39,43 38,22 14,10
192,0 564,8 62,0 100,0 76,0 41,1
190,0 372,2 42,0 84,0 28,0 31,3
125,75 353,5 36,0 62,0 44,0 20,0
197,1 558,0 60,0 82,0 80,0 38,0
11,165 1,219 0,54 0,74 0,56 0,24
194,0 541,7 61,1 102,0 72,0 36,0
200,0 528,6 61,1 98,2 80,0 43,1
139,55 339,27 43,5 70,4 55,3 19,5
189,1 304,2 26,0 62,0 20,0 20,0
164,0 348,0 51,1 66,2 62,0 22,0
174,0 371,7 42,0 28,0 42,2 10,0
73,105 45,271 14,10 44,24 6,48 8,14
112,0 329,3 45,5 78,2 64,0 28,0
183,5 538,0 64,0 112,0 78,0 26,0
172,0 311,1 30,0 42,0 30,0 22,0
185,15 457,5 44,0 52,0 27,1 32,0
98,0 348,6 32,0 72,0 60,0 18,0
186,0 522,2 46,2 86,6 65,1 20,0
192,0 576,4 64,0 104,0 84,0 35,1
184,4 491,17 46,6 83,1 70,2 30,0
186,0 541,13 55,3 91,5 69,1 32,2
192,0 402,2 48,0 79,5 62,0 26,0
189,1 331,3 32,0 68,2 48,0 24,0
130,52 326,68 40,18 60,20 44,22 11,15
127,55 391,51 31,5 33,15 35,11 23,3
182,0 314,16 44,0 36,0 55,1 12,0
186,2 358,0 46,0 68,0 60,0 38,0
186,2 437,1 34,0 39,1 44,0 18,0
184,2 303,9 48,2 69,5 50,0 14,0
12,138 3,291 0,56 0,66 0,56 0,20
194,4 540,2 60,0 110,0 85,1 40,0
10,160 7,471 0,44 0,84 0,60 0,24
180,0 345,3 52,0 43,1 50,0 14,0
145,47 246,258 32,22 67,33 44,26 27,3
138,0 350,6 40,0 80,0 40,0 28,0
14,168 13,295 4,28 2,56 1,49 1,17
158,34 332,48 28,8 74,4 50,2 5,5
192,2 475,3 42,0 84,0 69,1 34,0
184,4 474,0 46,0 80,0 58,0 24,0
52,134 54,322 9,41 8,80 7,61 0,24
192,0 403,3 44,0 69,1 48,0 25,1
198,0 448,2 60,0 86,0 58,0 26,0
186,6 405,7 60,0 94,0 74,0 30,0
102,6 354,18 49,7 73,13 55,3 22,0
154,36 250,186 23,17 31,15 47,5 11,3
169,29 471,121 55,11 100,12 64,24 33,11
7,185 1,517 1,53 1,63 1,63 0,10
50,136 38,256 3,37 28,50 9,37 9,7
190,2 426,24 53,1 91,1 66,0 23,1
179,9 372,0 44,0 50,0 52,0 28,0
189,1 346,4 52,0 98,0 73,1 19,17
188,4 404,2 44,0 78,0 52,0 18,0
175,5 270,10 40,0 56,0 46,0 20,0
8,182 3,201 0,46 0,86 0,66 1,23
169,21 340,194 41,17 90,8 42,20 25,5
98,94 330,64 39,17 31,59 59,13 2,24
170,0 315,1 52,0 92,0 58,0 24,0
2,188 1,465 2,46 1,89 0,70 0,24
162,2 340,0 46,0 60,0 60,0 20,4
8,184 1,343 3,39 1,59 1,59 0,16
126,60 235,273 36,22 75,21 35,33 25,9
1,173 2,334 1,53 0,62 0,56 0,4
189,1 403,3 57,1 95,1 67,1 28,0
190,4 353,3 32,0 72,0 38,4 30,0
196,0 486,12 56,0 84,0 62,2 32,0
174,0 295,43 37,9 53,23 33,23 18,6
152,8 379,23 54,0 73,1 64,8 24,0
186,12 523,9 55,1 96,2 70,0 28,2
186,8 579,9 56,2 94,4 85,1 42,0
53,139 146,362 13,43 50,48 21,59 3,37
188,0 473,5 54,0 86,0 56,0 27,1
145,1 365,5 48,0 68,0 62,2 24,0
125,3 326,0 40,0 57,3 31,1 19,5
193,5 440,2 52,0 86,0 60,0 20,0
195,3 376,14 48,0 60,2 57,1 18,0
192,0 584,2 51,1 106,2 80,0 29,1
98,0 289,3 46,0 84,0 68,0 16,0
168,20 380,28 57,1 91,3 63,5 18,0
157,41 215,91 41,3 46,22 39,23 11,3
157,37 425,77 54,6 85,5 55,5 27,5
180,0 486,10 60,0 79,1 62,0 34,0
89,13 286,56 40,0 50,20 43,7 22,0
166,0 406,0 58,0 59,1 54,0 26,0
188,0 318,0 40,0 71,5 56,0 16,0
182,0 355,17 54,0 78,0 72,0 22,4
188,0 338,2 53,1 76,0 52,0 24,0
162,0 278,0 48,0 78,0 38,2 24,0
178,0 333,5 37,1 62,2 43,1 17,1
189,11 472,12 60,0 83,1 73,5 30,0
195,5 418,18 56,2 84,4 75,1 27,1
168,4 319,11 41,7 84,4 56,4 20,0
15,161 3,335 0,44 0,72 0,50 0,24
190,0 354,28 35,1 57,7 40,0 16,0
187,1 594,4 58,0 112,0 82,0 38,0
90,98 202,272 21,33 32,48 10,52 4,22
192,4 369,7 49,3 77,5 50,2 26,0
171,25 490,14 52,4 89,3 68,0 34,2
14,0 390,4 54,0 84,0 62,0 28,0
117,59 166,98 23,17 57,17 27,17 8,18
179,19 423,23 51,3 72,12 58,4 24,6
196,0 502,4 59,3 104,0 60,0 34,0
186,0 296,6 48,0 68,0 24,0 18,0
191,1 468,6 52,0 92,0 62,0 34,0
157,31 369,35 29,11 58,28 48,2 21,3
196,2 400,6 44,0 68,0 44,0 24,0
171,1 281,3 50,0 77,1 46,0 12,4
119,1 458,6 44,0 52,0 58,0 12,0
160,26 411,33 45,1 72,6 55,7 14,4
157,1 356,34 41,3 46,12 52,4 26,2
196,0 481,11 56,0 109,1 75,1 40,0
193,5 343,1 58,0 94,0 76,0 28,0
182,0 557,5 56,0 96,0 68,0 32,0
142,4 253,103 50,0 63,11 12,16 30,2
164,4 568,2 52,0 96,0 72,0 32,0
143,55 229,269 28,18 54,48 42,30 27,7
73,123 119,301 9,29 31,39 14,26 10,10
164,0 259,27 29,1 68,8 27,13 19,1
190,0 438,4 62,0 94,0 72,0 36,0
79,109 195,199 15,23 19,29 12,38 11,15
182,6 261,35 44,4 60,8 47,19 31,1
132,52 350,112 39,9 64,10 42,16 19,11
61,139 21,407 2,60 3,49 3,61 8,10
189,1 539,33 54,0 103,9 70,0 37,1
196,0 411,1 53,1 93,1 64,0 26,0
10,188 2,522 0,54 0,96 1,77 0,26
186,0 445,1 31,1 22,0 32,0 16,0
188,12 451,3 39,5 73,1 64,0 24,0
168,0 224,82 33,1 45,9 39,17 9,5
141,1 315,15 39,1 54,0 35,7 10,0
165,25 260,42 32,0 62,0 52,2 18,0
7,191 5,327 0,60 1,97 0,80 0,32
195,3 477,3 58,0 92,0 70,0 26,0
196,0 403,7 48,0 70,0 56,0 26,0
198,0 479,3 54,4 106,0 78,0 26,0
123,69 326,126 36,18 59,31 61,15 16,10
17,179 1,465 0,46 0,96 3,51 0,28
188,0 552,6 57,1 96,2 84,0 44,0
105,93 153,415 26,42 39,65 21,63 11,27
50,126 47,345 4,52 32,40 4,64 5,21
175,1 331,5 52,0 60,0 48,0 26,0
7,187 15,435 1,53 0,68 0,68 0,24
185,13 410,26 45,5 85,3 55,1 23,1
4,190 6,570 1,59 2,106 0,88 0,44
155,35 394,36 40,14 67,9 46,12 27,3
187,3 391,1 54,0 82,0 69,1 24,0
2,188 13,527 1,55 0,96 0,76 2,30
13,185 8,544 0,58 0,104 7,65 0,36
190,0 388,4 36,0 82,0 54,0 30,0
181,1 470,6 58,0 102,2 66,0 34,0
93,103 129,225 24,30 22,54 22,28 12,18
159,39 373,29 39,1 80,4 32,4 32,0
192,0 307,5 32,0 58,0 46,0 16,0
170,0 291,1 42,0 46,0 48,0 18,0
154,30 293,7 42,0 73,1 35,1 18,0
192,0 304,10 54,0 96,0 66,0 20,0
192,0 410,0 58,0 90,2 56,2 30,0
142,0 246,0 54,0 70,8 54,0 26,0
195,3 561,23 63,3 109,3 77,7 43,1
187,3 407,3 42,0 85,1 54,0 25,1
72,0 391,53 50,4 64,4 38,18 18,2
3,189 6,524 0,60 0,104 1,79 1,27
178,0 346,0 54,0 88,0 47,3 24,0
181,17 493,65 52,6 74,24 63,9 32,4
194,0 517,9 60,0 103,1 80,0 29,1
168,0 478,6 52,0 97,1 74,0 26,0
195,3 485,9 42,0 68,6 60,2 20,0
164,24 419,15 44,0 79,1 58,0 20,0
124,60 326,24 44,4 69,11 43,1 12,4
163,3 348,0 44,0 56,0 46,0 8,0
10,188 14,574 0,56 1,111 0,76 0,46
158,0 303,9 38,0 54,0 44,0 16,0
165,1 321,3 38,0 39,1 48,0 16,0
194,6 585,3 64,0 108,0 86,0 44,0
186,8 573,1 54,0 78,0 70,0 34,0
156,42 457,59 53,7 85,13 76,4 21,9
186,0 283,9 42,0 38,0 55,1 10,0
67,127 134,302 18,34 31,35 7,35 26,4
55,143 248,320 20,38 22,70 31,35 4,30
101,19 249,27 46,8 54,22 62,6 19,3
192,0 455,1 38,0 70,0 64,0 20,0
184,0 419,5 38,0 54,0 36,0 22,0
2,188 4,306 0,36 1,77 0,54 0,24
183,5 298,0 56,0 46,0 38,0 18,0
166,10 397,3 35,1 54,0 62,0 32,0
188,0 287,1 56,0 86,0 60,0 28,0
174,20 493,51 58,4 50,16 62,8 25,13
194,6 588,4 68,0 105,1 92,0 40,2
12,188 5,341 2,20 2,22 2,20 2,12
196,2 405,25 26,2 28,2 36,0 16,0
15,183 30,496 4,56 1,85 3,69 2,34
198,0 558,4 54,0 107,1 82,0 34,0
191,5 567,1 60,2 94,0 64,0 34,0
186,2 510,0 46,2 91,1 70,0 26,0
196,0 475,5 42,0 84,0 68,0 24,0
190,0 499,3 62,0 94,2 56,4 34,0
117,79 297,181 35,13 67,23 24,28 18,2
147,51 444,80 44,16 59,31 65,13 15,17
182,0 306,0 33,3 54,0 46,0 14,0
100,90 364,22 46,10 29,17 33,13 8,6
198,0 540,4 64,0 109,1 88,0 36,0
188,2 377,17 46,0 66,0 70,0 14,0
197,1 552,4 64,0 106,0 82,0 42,0
194,2 434,14 54,2 89,1 64,0 36,0
166,26 510,0 56,0 95,1 80,0 32,0
193,1 589,13 60,0 108,0 84,0 48,0
116,14 379,7 42,2 54,0 54,0 10,0
198,0 576,14 58,0 104,0 84,0 40,0
163,11 400,42 44,0 83,1 62,0 12,0
198,0 381,1 40,0 70,0 56,0 10,0
158,12 364,0 50,0 74,0 48,0 16,0
195,1 518,4 52,0 92,0 62,0 30,0
190,0 293,7 45,1 72,0 54,0 24,0
184,6 464,0 56,4 98,4 77,1 26,0
166,2 381,1 54,0 74,8 58,0 34,0
188,4 481,11 33,5 90,0 72,0 28,0
198,2 535,1 51,1 96,0 82,0 34,0
17,171 12,298 9,45 1,85 0,54 2,24
183,3 328,4 51,1 70,12 45,5 24,0
192,0 259,23 44,6 69,9 60,12 25,1
188,0 324,2 56,0 78,0 54,0 21,1
199,1 352,6 41,9 85,1 59,1 24,0
165,9 193,57 42,0 71,1 49,5 35,1
190,4 473,15 68,0 96,0 55,11 40,0
186,6 397,9 37,1 78,0 62,0 26,0
178,2 482,2 45,1 72,0 50,0 18,0
190,0 555,3 56,0 98,0 76,0 40,0
106,28 344,90 36,6 47,27 43,9 20,2
188,4 414,30 60,0 86,0 64,0 32,0
192,0 503,5 60,0 104,0 64,0 38,0
198,0 537,3 66,0 66,0 79,3 22,2
171,3 390,6 31,1 74,0 53,1 24,2
196,0 549,3 64,0 108,0 80,0 42,0
170,2 394,0 35,1 54,0 44,0 24,0
196,2 497,15 58,4 99,3 84,0 38,0
198,0 564,0 60,0 99,1 79,1 38,0
192,6 574,0 61,7 99,1 82,0 44,0
174,0 298,2 47,1 66,0 46,0 15,1
192,0 360,16 51,1 76,0 50,0 24,0
195,3 532,20 58,2 102,0 72,0 30,0
67,63 199,151 19,25 22,52 33,23 7,21
198,0 517,13 51,3 108,0 71,5 35,1
124,74 323,243 40,30 98,16 56,26 27,15
184,12 274,96 32,6 67,9 42,8 18,2
187,3 314,34 40,0 76,2 47,1 10,0
189,5 577,23 62,0 104,0 80,0 40,0
146,8 327,11 44,2 45,25 33,1 14,0
198,0 477,1 59,1 91,7 72,0 25,1
200,0 309,5 42,0 76,0 42,0 22,0
190,0 394,20 50,0 84,0 76,0 36,0
117,79 246,84 22,14 30,30 18,36 2,16
193,3 486,26 57,1 96,0 80,2 27,1
196,0 450,4 30,0 50,0 48,0 22,0
190,6 353,3 46,0 64,0 44,0 18,0
200,0 414,6 43,1 81,1 64,0 22,0
123,75 251,237 28,24 83,17 46,26 28,6
163,1 338,0 47,3 76,6 55,1 20,0
134,34 344,50 45,11 90,2 43,23 17,5
190,2 410,2 48,0 84,0 53,7 34,0
191,5 515,13 48,2 100,0 77,1 36,0
192,6 493,1 54,0 108,0 68,0 32,0
146,4 380,4 48,0 49,1 54,0 12,0
194,0 558,8 66,0 96,0 64,0 30,0
176,20 470,4 48,4 68,0 56,0 26,0
198,0 519,1 34,0 85,3 48,0 25,1
180,4 468,0 50,0 80,0 60,10 32,0
198,0 555,17 50,0 104,0 62,8 36,0
197,1 474,28 49,1 80,0 49,7 18,0
10,168 0,294 0,36 0,46 0,42 0,12
156,0 319,1 42,0 68,0 42,0 20,0
185,1 365,9 51,1 82,0 44,0 26,0
198,0 461,1 60,0 102,2 78,0 37,1
196,0 508,0 52,0 70,0 50,0 23,1
200,0 597,7 70,0 106,0 84,0 42,0
197,1 543,3 57,3 110,0 84,0 40,0
184,2 353,5 43,1 74,0 60,0 12,0
131,3 335,5 42,2 72,0 41,5 22,0
165,27 247,193 38,18 53,37 59,17 29,3
183,7 482,0 64,0 98,0 84,0 34,0
196,0 360,8 40,0 37,1 30,0 17,1
121,57 344,54 53,5 68,6 55,3 22,2
122,26 310,10 28,2 49,13 56,2 16,2
114,68 209,323 23,29 52,38 27,49 14,14
177,11 509,7 52,2 74,0 70,0 14,0
175,5 519,17 55,3 62,4 76,2 24,2
179,5 458,12 50,2 78,0 69,3 32,0
11,159 5,339 2,50 2,92 2,70 2,30
188,6 527,5 52,0 82,0 70,0 28,0
198,0 538,6 60,0 104,0 78,0 34,0
193,3 364,0 46,0 92,0 58,0 20,0
190,10 525,15 60,0 106,0 76,0 38,2
141,11 305,7 47,3 33,3 43,1 18,0
192,4 329,25 48,0 90,6 53,5 23,1
179,3 444,0 43,1 86,0 66,0 24,0
176,0 333,7 32,0 68,0 44,0 14,0
198,0 407,5 60,2 104,0 82,0 32,0
132,40 392,18 36,4 42,4 34,12 16,2
198,0 550,10 62,0 94,0 72,0 34,2
84,110 196,256 16,24 22,54 12,34 6,14
200,0 269,5 38,0 66,0 50,0 14,0
168,0 397,15 47,9 54,32 57,5 15,17
195,3 298,2 38,0 57,1 36,0 20,0
146,10 367,5 52,0 68,0 68,0 28,0
123,1 303,25 36,2 54,0 44,4 16,0
95,97 195,213 14,22 36,44 32,24 7,9
196,0 522,14 64,0 101,3 78,0 35,1
146,0 373,7 48,0 74,0 62,0 30,2
196,2 446,8 50,0 63,5 53,1 21,1
194,2 453,3 52,0 92,0 63,1 30,0
172,0 394,0 46,0 79,3 64,0 18,0
190,4 422,0 54,0 76,0 66,0 32,0
200,0 520,4 56,0 104,0 80,0 38,0
188,8 363,1 42,0 80,2 54,0 20,0
180,10 530,4 58,0 94,0 64,0 36,0
182,0 510,12 40,4 77,1 61,1 14,0
147,43 441,43 39,19 72,24 53,11 21,7
188,8 450,2 53,1 75,1 58,0 28,0
196,0 525,1 50,0 65,1 62,0 24,0
190,0 530,26 57,1 102,0 71,9 40,0
190,2 457,5 52,2 96,0 60,0 28,0
160,30 446,12 43,3 74,8 56,0 20,0
186,0 395,7 54,0 88,0 62,0 26,0
106,88 431,97 37,21 83,23 58,24 31,7
181,9 355,15 36,0 83,3 56,0 32,0
172,4 390,0 34,0 88,0 50,0 24,0
181,1 384,10 43,5 78,0 68,0 26,0
187,9 557,29 64,0 102,0 80,0 36,0
126,12 308,12 55,5 96,12 79,1 22,12
157,11 274,4 52,0 84,0 53,1 22,0
183,1 278,0 45,1 84,4 58,2 22,0
43,145 96,322 2,50 15,85 21,47 4,34
139,49 273,69 40,8 55,7 45,13 10,6
96,56 241,85 25,11 45,13 47,7 15,1
196,0 602,8 66,0 106,0 94,0 44,0
189,3 373,29 50,2 58,8 41,3 32,0
38,158 65,435 4,56 24,78 14,66 3,35
182,16 497,63 53,3 70,10 63,11 25,1
17,165 3,411 5,47 0,90 0,78 0,36
192,0 291,1 42,0 60,0 35,7 16,0
69,85 171,69 33,25 43,37 36,12 12,16
195,3 550,16 61,1 106,0 82,0 45,1
187,9 427,31 47,1 77,5 49,5 25,1
172,0 396,8 49,7 72,0 68,0 28,0
196,0 323,1 60,0 102,0 70,0 24,0
154,46 524,46 54,8 91,17 76,10 24,14
176,0 311,9 50,0 74,0 50,0 16,0
88,112 300,152 23,31 38,48 46,26 11,13
170,0 332,10 45,1 66,0 54,0 14,0
188,0 562,2 60,0 100,0 74,0 33,1
140,20 207,71 35,7 59,13 45,7 14,6
160,4 368,0 44,0 64,0 42,0 14,0
80,50 341,93 28,18 37,35 54,14 5,11
56,0 316,2 51,3 82,0 62,0 22,0
62,124 225,151 22,24 22,40 49,13 8,12
20,0 520,6 41,1 84,0 68,0 14,2
168,0 263,7 40,0 68,0 50,0 22,0
194,0 596,12 68,0 102,0 74,0 36,0
184,0 236,4 56,0 86,0 62,0 20,0
192,2 530,12 60,0 98,0 80,0 30,0
186,6 586,4 62,0 104,0 80,0 46,0
192,0 400,8 36,0 66,0 60,0 22,0
191,7 394,14 51,3 77,5 57,1 28,0
192,0 478,8 54,0 92,0 66,0 28,0
172,0 354,8 46,0 63,1 34,0 18,0
16,178 5,527 0,54 1,91 0,82 3,33
188,0 455,5 26,0 76,0 68,0 32,0
112,28 270,156 34,16 51,39 45,21 32,6
198,0 391,9 62,0 79,3 62,0 24,0
115,9 433,5 28,0 46,0 43,1 12,0
195,3 528,2 32,0 80,0 46,0 24,0
182,10 393,15 50,2 79,3 51,7 24,0
194,2 358,6 48,0 74,2 50,0 24,0
181,9 544,8 64,0 101,1 76,2 26,0
173,9 375,37 40,2 61,3 51,9 18,4
181,1 332,2 48,0 64,0 53,1 26,0
11,187 7,487 2,58 2,102 2,82 2,34
126,64 234,346 40,22 59,43 21,59 14,14
193,1 384,4 46,0 79,1 60,0 32,0
141,11 368,26 52,0 82,0 64,0 10,0
169,15 313,25 31,1 37,5 32,2 12,4
198,0 412,4 70,0 112,0 84,2 36,0
8,188 3,565 0,64 1,109 0,86 1,41
53,133 9,351 2,52 5,75 4,56 1,19
165,31 446,60 51,5 92,6 73,1 30,6
191,1 469,13 56,0 96,0 65,5 34,0
185,5 497,9 54,0 93,1 82,0 26,0
178,18 178,218 32,24 60,24 20,40 19,3
161,33 395,3 28,0 84,0 60,0 32,0
124,0 350,2 56,0 86,6 72,0 26,0
2,194 3,359 0,34 0,82 0,50 0,12
185,1 443,7 54,0 83,1 52,10 38,0
193,1 546,18 55,3 110,0 82,0 32,0
176,12 457,21 39,9 84,2 78,0 25,1
68,110 285,139 21,17 27,45 31,23 5,15
182,0 372,4 44,0 74,0 58,2 24,0
190,0 414,2 49,1 81,3 69,7 23,1
169,1 409,3 47,1 82,0 59,1 20,0
190,2 534,8 64,0 105,1 67,1 26,2
120,78 247,131 42,18 73,33 33,43 24,8
196,0 547,9 64,0 96,0 72,0 38,0
140,50 322,174 30,32 75,35 37,35 32,4
188,0 474,14 50,0 62,2 61,7 12,0
88,0 335,5 38,2 73,1 64,0 14,0
197,3 485,51 50,12 91,11 83,5 36,0
176,14 359,13 44,0 64,0 42,2 24,0
183,5 515,1 52,0 96,0 62,0 26,0
191,3 567,1 53,1 85,1 70,0 38,0
185,7 335,65 38,4 83,5 39,17 25,3
17,127 93,403 10,46 4,80 21,55 5,19
188,0 418,6 44,0 94,0 58,4 12,0
152,26 340,14 31,11 80,0 64,4 10,0
187,1 460,4 54,0 83,1 72,0 26,0
200,0 424,22 56,2 62,24 67,1 33,1
86,114 142,302 22,30 49,25 29,31 11,9
200,0 557,7 60,0 98,0 84,0 38,2
196,0 532,2 60,0 108,0 68,0 36,0
184,14 366,64 40,4 84,4 54,12 18,10
184,8 389,25 44,0 68,0 44,0 17,1
194,2 475,13 32,4 87,1 54,0 20,0
61,127 76,336 14,22 8,54 2,58 12,10
2,184 3,291 0,26 1,49 0,26 2,16
186,14 354,0 40,0 70,0 54,0 22,0
36,162 19,411 2,56 6,72 1,61 3,15
195,3 469,77 51,7 95,7 63,11 36,4
14,174 8,336 0,52 4,98 0,78 0,32
168,0 423,3 56,0 80,0 64,0 23,1
194,0 422,4 60,2 82,2 71,1 32,0
70,116 52,386 17,37 23,63 15,63 7,21
185,3 517,23 55,1 104,0 86,0 32,0
164,0 389,1 56,0 88,0 64,6 28,0
195,1 302,2 48,0 79,3 58,0 14,0
188,10 380,0 41,1 48,0 48,0 22,0
128,54 342,68 22,14 41,3 57,7 9,7
128,0 314,0 40,0 59,1 52,0 12,0
191,7 348,2 42,0 66,0 50,0 22,0
188,0 416,0 50,0 92,0 63,1 36,0
156,4 359,1 42,0 72,0 38,0 20,0
186,4 414,0 59,5 106,0 76,6 34,0
162,0 437,1 48,0 86,0 67,1 32,0
183,7 384,12 38,0 74,0 59,1 20,0
113,81 200,226 28,24 31,59 28,36 13,15
186,0 390,12 49,1 92,0 56,0 28,0
188,0 406,0 46,2 64,0 62,2 22,0
112,30 206,42 57,3 75,11 60,8 28,0
185,5 467,11 34,0 76,0 42,8 20,0
190,0 345,7 46,0 78,0 52,0 16,0
168,24 464,2 50,0 70,2 70,0 12,0
184,6 264,34 43,1 56,0 55,1 13,1
173,25 428,18 44,2 74,2 65,1 23,3
184,0 295,43 38,4 71,13 45,13 23,1
174,0 267,3 39,1 88,0 52,0 32,0
186,2 441,1 56,0 88,0 66,0 20,0
152,0 347,1 56,0 74,0 65,3 30,0
200,0 501,13 56,0 96,0 72,0 30,0
195,3 532,30 60,4 100,6 78,0 40,0
154,0 296,2 46,0 66,0 48,0 24,0
195,1 335,15 32,2 58,4 53,3 16,0
200,0 319,5 56,0 92,0 72,0 27,1
125,65 402,162 44,24 75,39 52,30 33,9
186,0 271,1 39,1 66,6 38,6 24,0
185,3 380,6 50,0 57,1 25,7 26,2
81,117 267,227 25,33 33,61 25,49 4,24
194,2 557,7 58,0 95,3 66,0 30,0
135,65 439,139 47,15 82,20 82,4 40,4
185,5 246,0 40,0 62,0 56,0 24,0
150,2 470,16 55,1 65,1 72,2 13,1
137,33 330,40 31,3 27,1 36,10 6,0
174,6 304,0 51,1 46,0 72,0 12,0
138,56 510,56 48,10 71,27 68,10 23,19
188,0 291,1 40,0 75,1 56,0 24,0
35,155 226,184 30,10 24,20 24,12 1,17
196,0 349,7 12,0 22,0 20,0 8,0
193,1 242,6 42,2 67,5 56,2 18,0
178,12 324,0 52,0 76,0 55,1 30,0
186,2 392,12 43,1 86,0 51,1 28,0
189,7 285,25 44,0 52,2 48,0 8,0
192,6 382,2 50,0 76,0 44,0 22,0
179,19 451,15 57,1 98,0 70,0 29,1
197,1 458,2 66,0 110,4 84,0 34,0
188,2 434,2 38,0 68,0 48,0 26,0
178,0 329,3 46,0 62,0 52,0 16,0
184,14 369,1 44,2 68,0 53,1 24,0
183,9 379,57 47,9 73,17 44,24 22,0
82,108 418,96 39,15 52,42 54,10 10,14
18,170 76,418 7,51 9,97 23,55 1,33
192,0 373,3 32,0 30,0 46,0 6,0
5,175 3,355 0,40 0,50 0,28 0,14
185,3 476,16 52,2 91,3 65,1 32,0
179,1 290,0 40,0 72,0 44,0 14,0
183,5 409,1 48,0 80,0 60,0 26,0
192,6 571,17 65,1 109,3 77,1 34,0
173,1 287,3 46,0 78,0 56,0 28,0
71,107 19,383 11,33 17,67 2,60 3,25
193,1 212,4 38,4 83,1 53,1 26,0
16,158 2,512 2,56 2,90 2,76 2,34
194,0 561,3 62,0 106,2 76,0 40,0
194,4 429,45 47,5 69,1 60,4 21,1
198,0 396,2 48,2 75,3 58,0 24,0
196,0 440,0 49,3 88,0 66,0 26,0
188,4 430,4 48,0 81,1 52,0 18,0
183,1 407,5 50,0 92,0 60,0 28,0
14,184 12,454 0,48 1,87 0,64 0,22
180,0 462,0 58,0 99,1 73,3 30,0
180,8 559,9 56,0 110,0 76,0 36,0
185,1 513,7 54,0 82,0 70,2 42,0
142,54 243,93 45,9 60,18 42,20 24,6
185,1 376,14 55,1 75,7 66,0 22,0
82,108 51,479 13,39 19,85 11,59 3,23
198,0 494,4 58,0 98,0 72,0 30,0
198,0 526,6 50,0 90,0 64,0 26,0
194,6 406,2 46,2 88,0 70,2 30,0
76,2 300,26 46,0 78,2 58,0 24,4
192,0 350,0 58,0 86,0 55,9 22,0
184,2 289,19 24,6 20,6 25,9 14,2
86,108 233,57 17,15 28,28 36,20 2,12
13,137 29,339 0,48 0,54 24,28 0,22
187,5 392,0 40,0 62,0 59,1 22,0
176,0 236,60 36,14 43,19 17,31 14,2
191,7 572,0 56,0 108,0 78,0 32,0
182,0 405,1 48,0 74,0 64,0 24,0
176,0 356,6 40,0 58,0 64,0 24,0
144,8 372,14 47,3 74,0 44,0 19,3
162,0 368,4 46,0 88,0 66,2 32,0
190,10 518,24 45,3 84,4 68,0 30,0
183,5 589,5 62,0 91,1 84,2 28,0
194,0 371,5 48,0 64,0 50,0 22,0
87,111 221,367 28,38 33,77 31,47 10,26
187,11 307,45 34,4 53,13 32,6 14,2
194,0 388,0 52,2 83,3 58,0 18,0
135,63 296,18 43,9 55,33 70,4 15,9
182,2 314,2 42,0 74,0 49,5 16,0
114,0 378,2 46,0 78,0 46,0 12,0
139,55 306,74 35,17 25,15 41,1 7,5
44,14 272,84 38,10 54,20 41,15 18,8
179,1 420,0 30,0 64,0 38,0 4,0
195,5 535,5 51,5 92,0 70,4 28,2
174,20 430,0 28,0 60,0 50,0 10,0
153,19 331,59 38,4 79,5 58,0 25,3
104,84 424,122 40,20 74,34 57,23 16,14
196,0 595,7 62,0 108,2 81,1 40,0
188,0 300,6 29,1 41,1 32,0 20,0
197,1 598,2 65,1 110,2 84,0 41,1
81,111 219,343 16,38 20,76 30,48 11,31
190,0 476,14 58,0 98,0 80,0 32,0
172,2 377,27 38,0 74,2 64,0 26,0
31,133 51,269 5,35 2,58 7,45 3,9
121,1 299,1 55,1 70,2 58,0 20,0
73,99 236,142 26,16 34,16 35,27 5,7
192,0 300,0 36,0 60,0 33,5 9,1
165,9 458,12 52,0 92,0 80,0 24,0
192,2 500,4 54,0 76,0 64,0 28,0
4,188 12,422 0,26 0,56 0,44 0,22
16,122 6,284 1,41 9,65 0,54 0,24
137,53 326,36 39,7 64,18 47,7 6,4
192,6 291,7 40,0 50,0 40,0 16,0
156,20 328,6 46,2 35,17 51,1 16,2
194,0 330,4 46,0 56,0 38,0 12,0
181,5 280,86 32,12 58,14 61,9 25,1
182,4 505,25 62,2 104,4 72,12 31,1
192,0 355,7 52,0 82,0 52,6 20,0
188,6 542,2 59,1 96,0 66,0 40,0
162,16 276,68 29,11 44,18 39,1 27,3
193,3 430,0 54,0 80,0 60,0 24,0
105,93 170,136 22,26 47,23 32,20 5,15
173,25 505,23 42,4 57,5 58,0 26,2
193,3 427,1 45,1 94,0 66,0 22,0
170,10 347,1 42,0 52,0 53,1 18,0
190,0 513,7 56,0 88,0 72,0 34,0
73,123 293,213 25,31 42,36 31,39 11,25
185,5 474,0 60,0 72,0 56,0 26,0
190,0 438,4 44,0 74,0 62,0 20,2
196,0 270,4 40,6 76,2 52,0 22,0
18,154 20,536 0,62 18,82 3,79 6,24
189,9 539,1 62,0 104,0 76,0 38,0
164,8 462,0 52,0 64,0 60,0 16,0
193,5 424,0 58,0 82,0 48,0 28,0
188,0 527,17 52,0 88,0 63,3 28,2
158,36 487,63 51,11 71,31 68,6 37,7
6,182 20,426 0,48 4,84 3,63 0,26
194,4 502,14 60,0 96,0 62,0 26,0
166,0 320,0 48,0 77,3 54,0 18,0
197,1 384,14 38,2 65,1 33,1 17,1
58,0 328,24 43,3 77,7 37,5 29,1
187,3 527,5 62,0 90,0 74,0 23,13
180,0 357,3 50,4 73,3 68,0 26,0
180,8 426,14 41,1 76,2 54,0 26,0
126,26 170,132 23,19 37,33 13,37 11,5
199,1 531,11 64,2 109,1 82,0 42,0
188,10 504,0 61,1 100,0 70,0 28,0
164,14 248,0 56,0 86,0 70,0 26,0
174,20 458,52 47,9 94,14 65,7 33,3
178,0 341,1 21,1 35,1 24,0 8,0
190,8 437,25 54,0 90,0 69,1 26,0
92,2 273,111 49,7 66,16 24,32 18,2
186,10 506,12 48,2 92,0 70,0 33,1
8,14 0,456 0,42 0,88 0,60 0,26
190,8 560,4 56,4 100,0 73,1 34,0
198,0 532,6 54,0 92,0 76,0 34,0
147,33 288,38 31,5 54,10 41,1 19,1
116,58 257,53 25,5 45,15 34,10 8,2
138,0 373,7 49,1 39,1 52,14 6,0
177,5 454,14 54,2 92,0 67,1 30,0
138,0 331,5 48,0 50,0 40,0 24,0
186,12 358,8 49,1 79,3 47,1 22,0
101,97 144,346 15,31 40,42 25,37 10,18
196,2 314,4 22,0 48,0 36,0 18,0
176,4 290,10 46,0 70,2 45,3 26,0
186,0 532,2 54,0 95,5 79,1 36,0
174,0 376,2 54,0 70,0 76,0 15,3
50,148 97,305 9,37 17,65 4,40 14,10
4,184 12,412 2,46 3,79 4,60 0,30
200,0 553,15 58,0 108,0 88,0 34,0
7,185 6,484 0,58 0,94 0,74 2,18
150,40 436,66 26,6 52,2 51,5 16,0
194,0 350,2 52,0 56,0 54,2 16,0
166,0 327,5 50,0 71,1 60,0 26,0
124,70 433,81 48,14 66,42 71,5 20,22
189,5 376,0 48,0 86,0 39,3 18,0
129,9 434,46 51,3 82,4 61,1 31,1
159,27 273,51 36,4 65,7 41,9 20,6
183,7 517,5 55,1 96,0 70,0 34,0
149,33 330,94 46,8 32,32 31,37 8,12
185,11 303,5 52,0 58,0 56,0 16,2
188,4 602,10 60,6 115,3 81,1 33,1
73,17 227,129 35,21 40,24 29,31 17,3
183,5 536,0 64,0 108,0 72,0 44,0
124,6 216,66 36,12 47,27 35,13 16,8
123,45 178,138 26,12 66,8 41,7 12,8
133,51 219,105 41,9 55,35 33,25 20,18
190,0 375,3 64,0 98,0 65,1 32,0
166,2 413,23 42,0 76,0 60,0 40,0
183,5 265,3 56,0 84,0 50,0 32,0
188,4 446,0 44,0 60,0 52,0 14,0
182,6 408,34 14,0 41,1 29,1 17,1
166,22 564,26 59,1 100,0 63,9 32,0
186,2 391,7 62,0 84,0 72,0 28,0
168,0 357,1 29,1 62,0 55,1 14,0
175,21 417,31 56,2 86,6 64,6 35,3
198,0 417,1 42,0 87,1 48,10 30,0
142,44 344,22 42,2 37,5 44,4 6,0
194,6 491,1 72,0 116,0 88,0 40,0
190,0 615,1 62,4 105,5 84,0 47,1
195,3 357,23 46,2 76,2 48,10 16,0
70,114 156,152 34,14 20,44 38,26 3,15
7,145 2,330 0,56 0,80 0,62 0,26
176,8 508,2 42,0 66,0 72,0 10,0
198,0 394,4 58,0 88,0 60,0 28,0
200,0 418,0 40,0 83,1 56,0 12,0
192,0 456,6 44,0 80,0 58,0 28,0
12,112 12,358 2,52 3,69 4,68 3,15
191,1 476,0 34,0 66,0 49,1 20,0
85,111 139,349 10,32 43,53 8,58 10,16
166,0 336,6 36,0 21,1 34,2 10,0
198,2 534,48 59,3 105,1 67,9 36,0
34,162 24,216 3,47 12,66 27,33 2,16
141,11 290,30 30,0 75,1 36,0 25,1
186,2 517,1 54,0 97,5 72,0 30,0
192,0 401,5 42,0 74,0 46,0 16,0
190,2 389,23 42,2 58,0 43,1 12,0
193,1 454,0 42,0 65,1 72,0 20,0
196,2 497,33 47,7 90,10 63,5 36,2
195,1 534,10 63,1 94,0 88,0 44,0
193,1 505,5 58,0 82,0 76,0 36,0
184,4 462,0 56,0 96,0 56,0 22,0
170,0 498,4 48,0 86,0 62,0 32,0
190,2 400,4 48,0 86,0 50,0 30,0
190,6 515,15 60,2 107,1 78,0 44,0
192,2 463,3 60,0 90,0 76,0 26,0
170,6 310,16 40,0 56,0 38,0 14,0
70,124 180,190 17,33 39,45 20,38 10,14
199,1 534,0 54,0 92,0 70,0 26,0
176,0 262,4 56,0 68,0 56,0 14,0
151,13 273,23 53,5 33,7 62,2 22,0
155,1 356,0 63,1 74,0 54,0 18,0
195,3 520,8 64,0 112,0 77,1 35,1
196,0 475,1 49,1 88,2 58,2 34,0
199,1 451,1 54,2 92,0 69,1 26,0
186,4 458,16 46,2 75,7 64,0 17,3
196,0 367,1 50,0 51,3 36,0 20,0
184,8 471,15 59,7 106,0 78,0 40,0
188,4 414,2 48,0 82,0 52,0 28,0
178,0 264,30 39,1 63,7 34,2 16,0
72,124 164,384 9,45 38,56 14,50 1,23
188,8 582,14 61,1 106,8 80,0 45,1
23,111 34,242 11,43 14,72 6,60 2,16
136,0 325,11 40,0 73,1 55,1 12,0
192,0 539,11 48,0 90,0 72,0 24,0
10,184 9,605 0,68 0,114 0,78 0,42
184,0 292,18 32,4 36,22 41,1 10,0
190,4 517,1 56,0 90,0 68,0 32,0
175,21 558,4 55,1 90,0 64,0 33,5
186,12 411,11 50,0 66,0 58,0 18,0
190,0 435,1 56,0 70,0 63,11 26,0
160,0 337,1 36,0 62,0 44,0 8,14
146,54 508,48 51,11 81,29 68,8 15,29
194,0 448,6 38,0 84,0 62,0 28,0
198,0 328,8 40,0 70,0 56,0 18,0
194,0 335,17 29,7 28,2 52,2 11,1
168,8 219,77 34,6 45,15 37,11 15,1
189,1 479,7 45,3 77,1 70,0 34,0
186,6 374,20 52,8 87,9 65,3 24,4
166,0 398,4 58,0 98,0 76,0 28,0
161,11 330,8 38,0 65,11 54,2 22,4
191,1 395,3 48,0 104,0 72,0 34,0
132,68 260,234 33,17 62,28 36,28 31,3
120,40 105,265 20,18 30,30 21,25 6,18
167,9 389,3 40,0 66,0 53,3 14,0
17,161 0,378 0,44 0,94 0,48 0,26
198,0 520,0 48,6 102,0 68,0 40,0
180,2 386,0 38,0 34,0 44,0 18,0
200,0 548,4 68,0 108,0 84,0 36,0
196,0 501,1 53,1 73,5 64,0 34,0
184,0 252,12 60,0 95,1 60,0 22,0
196,0 517,15 48,0 84,0 74,0 30,0
192,0 371,3 30,0 66,0 37,1 18,0
174,0 403,5 36,0 72,0 58,0 26,0
96,44 275,87 33,9 60,16 27,13 12,2
190,8 385,1 42,4 50,0 54,0 22,0
171,13 423,23 48,2 80,2 71,1 24,0
198,0 504,2 58,0 102,0 70,0 38,0
189,5 352,32 62,0 98,2 74,0 32,0
7,187 4,484 0,50 2,86 0,72 0,28
198,0 503,7 60,0 90,0 62,0 36,0
188,2 359,21 46,0 69,1 52,0 21,1
190,0 585,1 54,0 104,0 64,12 44,0
30,154 56,332 10,44 2,64 1,59 1,17
147,51 390,192 46,18 97,13 59,21 35,9
196,0 493,5 68,0 100,2 74,0 30,0
10,188 5,457 0,52 2,80 0,62 0,22
192,0 424,2 48,0 78,0 50,2 24,0
108,40 275,183 33,25 51,19 52,20 16,2
116,0 451,3 42,0 86,0 62,2 36,0
172,0 295,3 52,0 88,0 68,0 30,0
173,15 478,22 55,5 67,13 52,12 30,6
187,1 504,0 38,0 72,0 58,0 24,0
173,17 411,39 53,3 99,1 58,2 23,7
171,27 451,35 46,6 80,6 66,4 20,4
14,156 27,345 4,44 5,43 8,40 0,20
179,15 442,14 54,0 94,2 68,4 31,1
11,1 437,7 52,6 72,0 78,0 35,3
176,0 461,5 44,0 72,0 52,0 28,0
194,2 286,12 40,0 63,7 40,0 14,0
158,0 407,17 51,1 86,0 71,3 29,1
135,59 368,198 35,17 83,25 54,18 30,6
185,5 538,2 58,0 102,0 74,0 28,0
190,0 401,7 40,0 82,0 52,0 22,0
175,11 468,16 41,3 83,7 56,0 26,2
154,0 446,20 40,0 46,0 64,0 28,0
64,0 312,2 50,0 88,0 60,0 32,0
10,188 10,548 5,61 0,104 0,76 1,41
97,99 147,321 20,22 54,38 19,39 16,4
196,0 294,2 40,0 36,0 34,0 20,0
165,25 287,31 32,4 73,7 37,5 15,7
190,6 510,8 56,0 85,3 74,0 38,0
183,5 456,0 36,0 64,0 48,0 18,0
175,1 434,2 41,1 52,0 50,0 16,0
142,58 380,208 50,20 75,35 43,41 28,14
176,0 411,1 41,1 55,1 54,0 18,0
117,77 195,157 17,39 31,63 35,43 13,13
145,53 417,169 48,10 73,19 41,37 41,3
159,33 285,13 40,0 34,0 48,0 18,0
186,4 565,17 66,2 97,5 76,2 41,1
186,2 390,6 55,1 66,0 66,0 30,0
190,0 536,6 58,0 106,0 81,1 32,0
184,4 389,1 50,0 80,0 52,2 32,0
73,101 115,183 16,30 11,71 22,48 8,10
180,0 575,9 60,0 92,0 76,0 32,0
174,6 352,0 48,0 68,0 50,0 30,0
196,4 450,0 44,0 70,0 50,0 26,0
189,1 241,9 46,0 60,4 40,2 16,0
176,4 556,2 55,1 86,0 78,0 38,0
133,17 401,5 36,0 48,0 41,3 22,0
134,0 316,4 48,0 66,0 58,0 22,2
107,91 196,256 27,25 43,35 26,32 17,7
186,0 340,0 54,6 88,2 50,0 12,2
22,174 47,471 4,48 6,94 8,62 0,22
74,124 137,435 20,46 24,84 28,52 8,32
194,0 596,2 55,1 105,1 69,7 35,1
190,0 362,2 57,3 66,14 64,0 26,2
6,192 2,584 0,60 0,88 0,74 1,35
5,183 19,577 1,55 5,97 2,68 0,30
177,1 348,0 47,5 72,0 30,0 32,0
44,150 94,366 10,36 25,61 6,60 3,25
194,0 438,14 47,5 68,22 65,9 24,4
198,0 502,10 58,0 88,0 74,0 20,0
174,8 346,12 45,1 40,2 35,1 8,0
182,0 393,1 32,0 80,0 52,2 12,0
194,0 465,7 50,0 106,0 69,3 28,0
181,3 326,0 46,2 71,1 50,0 28,0
200,0 630,0 55,3 112,0 82,0 38,0
196,4 406,0 34,0 42,2 38,0 16,0
198,0 434,2 42,0 70,0 60,0 22,0
169,19 356,86 33,13 67,11 40,12 12,2
168,0 425,9 40,0 56,2 58,0 14,2
193,5 525,1 54,0 110,0 72,0 33,1
190,0 562,2 56,0 82,0 68,0 34,0
189,1 393,3 54,2 68,0 54,0 28,0
184,4 351,5 34,0 55,13 52,0 20,0
196,0 513,3 56,0 90,0 68,0 29,1
154,0 387,11 50,0 62,0 44,4 7,1
181,17 516,12 58,4 98,0 68,2 34,0
169,23 447,101 54,4 79,9 57,9 33,1
86,110 178,362 12,54 32,68 11,67 15,17
4,174 4,330 0,42 0,58 1,51 1,23
46,0 415,7 56,0 90,0 60,0 34,0
163,35 424,0 56,0 88,0 76,0 26,0
194,0 445,5 56,0 90,2 71,1 42,0
41,157 49,415 12,32 5,77 8,62 0,36
196,0 395,5 62,4 108,0 84,0 38,0
159,41 420,42 63,3 75,29 73,7 29,3
178,0 325,1 58,0 97,1 76,2 30,0
198,0 399,5 52,0 64,0 56,0 22,0
189,1 467,5 52,0 93,1 74,0 34,0
186,4 455,1 58,0 82,0 70,0 26,0
36,104 47,249 8,38 3,63 2,48 10,4
165,1 234,2 48,0 79,1 71,1 34,0
200,0 459,1 42,2 88,0 56,0 24,0
12,180 4,364 0,34 1,89 0,56 0,20
186,4 406,4 54,0 49,1 42,0 16,0
189,7 414,4 48,0 90,0 64,0 26,0
181,17 376,12 39,3 75,1 42,4 18,0
188,0 413,9 36,0 72,0 56,0 24,0
182,0 441,5 48,0 84,0 60,0 18,0
77,107 131,255 9,39 24,40 16,42 4,8
173,11 511,15 62,2 110,0 86,0 44,0
188,0 302,0 42,2 76,0 52,0 10,0
188,0 416,4 28,2 52,0 46,0 20,0
182,4 445,1 50,0 82,0 62,0 22,0
6,168 2,472 0,56 0,80 0,62 0,24
131,57 312,186 46,14 55,41 57,17 33,7
161,17 287,7 40,0 66,2 50,0 21,3
196,0 532,0 64,0 102,0 74,8 36,0
165,31 438,48 42,6 74,8 61,5 23,1
193,1 380,6 42,0 68,0 46,0 22,0
165,5 403,31 32,2 68,0 53,1 25,1
160,40 272,64 51,3 57,7 32,12 22,0
173,1 303,3 46,0 74,2 56,0 24,0
170,30 387,27 33,9 73,5 62,4 26,0
184,12 464,44 43,1 93,3 72,0 40,0
117,83 344,156 31,25 58,32 38,30 24,16
191,3 485,5 48,0 94,0 62,0 30,0
198,0 436,16 40,0 58,2 56,0 20,0
121,65 354,54 34,8 44,30 26,12 6,10
186,12 478,0 64,0 93,1 68,0 28,0
196,0 427,7 52,0 78,0 48,0 30,0
181,3 420,6 54,0 65,5 66,2 28,0
143,5 400,22 39,1 55,3 55,1 20,0
23,107 29,271 2,54 2,86 7,63 0,34
185,13 325,43 47,1 87,5 55,1 20,0
126,18 373,43 26,2 85,1 50,0 30,2
178,6 480,0 54,0 80,0 64,0 18,0
125,23 357,59 36,8 65,7 44,8 20,2
121,73 376,188 38,28 87,25 80,10 29,5
10,188 4,428 1,57 0,92 0,70 0,26
190,0 413,1 46,0 82,4 68,0 20,0
2,188 10,504 1,59 0,100 0,76 0,42
198,0 564,2 66,0 118,0 84,4 34,0
104,84 135,155 23,21 40,20 24,18 10,2
185,3 431,1 43,1 72,0 36,2 8,0
172,8 406,10 46,2 72,0 50,0 28,0
198,0 411,5 49,3 95,1 63,7 36,2
84,72 260,74 37,19 43,49 54,14 1,25
184,14 493,71 51,5 94,12 71,17 38,2
123,61 302,108 36,18 48,32 32,34 22,8
124,70 244,152 35,23 65,29 25,45 10,20
185,9 409,5 55,1 104,0 76,0 32,0
110,90 117,169 20,34 20,46 11,49 10,20
186,8 376,0 40,0 68,0 58,0 24,0
189,5 378,46 38,6 77,15 46,2 18,0
2,192 6,352 0,48 0,64 0,44 1,27
190,0 388,0 44,0 75,1 58,0 28,0
117,75 282,94 46,8 46,42 52,22 11,25
181,1 499,7 46,0 86,2 58,0 31,1
176,0 433,5 47,1 73,5 50,0 28,0
177,13 539,31 59,1 103,1 75,1 31,5
178,0 501,5 50,0 76,0 68,0 34,0
190,0 479,5 50,0 69,1 62,0 24,0
125,1 365,39 49,5 66,10 56,4 21,5
144,18 314,126 42,12 69,21 39,23 20,12
197,1 359,5 50,0 74,0 63,1 18,2
195,1 516,2 66,0 96,0 78,0 34,0
124,4 306,16 43,3 83,3 42,2 15,1
59,97 392,114 31,15 42,36 33,27 18,14
188,0 523,11 54,0 98,0 70,0 34,0
154,2 308,16 36,10 66,2 39,11 22,4
192,0 572,8 54,0 100,0 74,0 40,0
158,0 324,0 50,0 84,0 58,6 24,0
74,68 95,207 15,33 35,33 13,35 9,9
172,28 274,164 46,4 81,15 52,18 30,4
108,80 372,82 38,20 58,22 45,19 24,8
167,13 369,15 45,7 88,4 70,2 32,2
37,65 297,49 24,12 44,8 31,19 20,4
176,0 439,23 53,1 75,3 72,0 28,0
182,0 394,6 35,1 75,1 61,3 22,0
182,0 450,8 52,0 85,1 64,0 20,0
185,3 532,10 59,1 82,0 80,0 30,0
32,168 54,384 6,30 9,47 13,33 0,16
152,0 411,5 56,0 84,0 72,0 30,0
199,1 587,7 55,3 111,1 82,0 44,2
183,15 577,13 59,5 83,15 82,2 35,3
182,8 406,42 44,0 73,1 54,2 20,0
116,80 154,304 18,32 46,42 19,45 26,4
182,0 408,8 30,0 66,0 46,0 16,0
144,50 361,167 37,11 63,39 40,30 23,3
194,0 528,6 49,1 87,3 64,6 31,1
186,6 291,7 53,1 56,0 49,1 16,0
190,0 534,4 52,0 110,0 76,0 38,0
198,0 422,4 40,0 77,1 45,1 24,0
175,9 280,2 40,0 58,0 50,0 4,4
183,9 556,0 62,0 112,0 82,0 39,1
138,34 271,11 30,0 59,5 46,0 28,0
115,83 382,182 35,13 47,49 41,29 29,7
183,1 426,2 58,0 80,0 58,0 30,0
160,8 332,4 32,0 70,0 51,1 20,0
190,8 476,8 48,0 90,0 68,0 28,0
193,7 564,30 62,0 106,0 80,2 46,0
192,0 569,7 64,0 114,0 88,0 40,0
196,0 346,6 38,0 46,0 54,0 16,0
194,0 298,2 44,0 94,0 63,1 24,0
193,1 412,4 48,0 56,0 52,0 27,1
165,5 275,7 37,1 45,3 50,0 24,0
184,0 504,2 58,0 92,0 62,0 40,0
192,2 293,3 52,0 68,0 42,0 18,0
152,2 421,3 46,0 84,0 46,0 30,0
178,6 332,0 26,0 34,0 58,0 20,0
160,34 333,195 51,11 89,17 30,40 29,5
14,184 6,586 1,61 1,109 1,79 1,47
174,12 451,77 42,6 67,5 52,4 13,1
148,2 410,70 53,3 80,6 76,0 30,8
119,15 182,186 19,21 44,18 35,33 12,8
185,3 530,2 50,0 90,0 68,0 26,0
76,82 160,256 19,33 63,35 12,32 25,9
14,180 9,313 1,47 4,46 0,54 0,6
106,92 232,306 23,31 38,60 21,53 20,14
183,5 522,0 60,0 86,0 70,0 32,0
184,4 405,3 45,1 60,2 62,0 14,0
192,6 566,2 60,0 102,0 74,0 42,0
172,10 423,9 52,0 90,0 66,0 30,0
145,1 344,30 50,0 75,3 55,1 22,0
180,0 327,3 54,0 84,4 68,0 26,0
191,3 278,0 22,0 70,0 40,0 16,0
185,7 282,6 20,0 68,0 39,1 14,0
21,179 41,347 2,54 5,89 6,62 2,30
197,1 485,51 56,6 83,17 68,6 30,4
134,6 415,1 34,0 44,0 54,0 6,0
83,113 123,389 18,30 35,59 22,42 23,11
166,0 330,0 44,0 86,0 46,8 24,0
194,0 431,1 48,0 68,0 44,0 16,0
192,0 345,1 34,0 30,0 28,0 14,0
11,187 0,290 0,56 5,75 0,60 0,22
195,1 530,2 64,0 90,8 69,1 34,0
193,5 408,0 54,0 86,0 70,0 20,0
190,8 454,0 60,2 92,0 66,0 28,0
185,3 541,15 63,1 97,1 81,1 38,2
174,0 287,3 36,0 50,0 42,0 16,0
110,88 207,285 18,38 55,41 43,25 21,11
192,0 515,5 44,0 90,0 56,0 28,0
112,80 263,119 22,0 44,0 40,0 14,2
196,0 431,5 46,0 92,0 60,0 30,0
164,6 354,134 40,2 80,6 27,21 20,2
47,77 15,323 2,54 13,63 2,60 1,19
195,1 440,4 66,0 102,0 70,0 36,0
121,75 200,238 26,26 56,22 48,16 26,6
196,0 557,7 61,1 106,0 76,2 36,0
10,134 8,312 0,44 0,56 2,62 0,28
125,61 162,162 31,13 46,14 31,17 18,2
187,1 480,6 52,0 70,0 58,0 22,0
4,184 5,471 1,49 3,83 0,72 0,28
64,104 26,386 8,26 20,46 3,29 4,18
147,9 367,11 40,2 36,0 42,10 6,0
192,0 497,5 46,0 58,0 57,1 32,0
191,3 461,65 53,5 82,14 56,20 29,3
150,0 310,20 43,1 44,0 64,0 10,0
193,1 458,4 58,0 104,0 76,0 32,0
132,56 441,47 38,8 71,3 63,5 29,1
178,0 290,4 48,0 78,0 44,4 18,0
170,0 444,0 30,0 46,2 32,0 12,0
12,184 11,369 0,28 0,38 0,46 0,4
137,61 315,235 43,19 90,16 50,24 24,10
194,0 480,2 60,0 70,2 68,0 29,1
198,2 439,3 50,2 51,13 59,3 20,0
143,53 413,71 43,11 74,6 53,7 28,2
71,129 113,237 19,23 13,45 14,32 4,6
166,8 285,11 37,1 61,1 49,1 18,0
26,0 398,12 31,3 74,0 52,0 29,1
39,153 48,426 5,39 4,68 5,67 4,18
28,136 79,259 9,21 13,53 14,32 12,6
16,146 35,355 3,37 2,46 0,60 0,12
198,0 416,4 66,0 100,2 84,2 38,0
133,9 373,1 36,0 62,0 44,0 22,0
184,0 372,2 36,0 62,0 48,0 20,0
112,78 290,88 28,16 65,17 45,7 15,3
63,123 183,351 18,48 47,57 35,39 25,11
136,0 346,4 58,0 84,0 60,0 38,0
189,1 367,7 58,0 92,4 66,12 24,0
2,182 15,291 0,34 0,40 6,50 0,18
183,15 470,4 44,0 39,1 61,1 30,0
192,0 372,14 42,0 71,1 46,6 14,0
181,7 470,0 40,0 92,0 70,0 30,0
166,16 328,16 46,2 101,1 64,0 26,2
196,0 338,2 50,2 78,2 48,0 18,0
194,4 340,4 60,0 88,0 62,2 27,3
161,21 292,26 32,0 58,2 57,3 21,1
174,0 306,8 54,0 76,0 54,0 16,0
142,0 534,0 44,0 88,0 68,0 32,4
194,0 387,3 52,0 62,0 56,0 22,0
8,174 1,347 0,34 0,38 0,52 0,8
198,0 570,6 55,1 98,0 78,0 36,0
174,24 411,69 59,7 96,12 65,19 30,6
196,0 567,5 58,0 102,0 80,2 40,0
194,0 491,9 56,0 97,5 74,2 26,0
68,122 196,140 24,14 15,57 44,12 8,2
4,184 4,362 0,34 0,64 0,44 0,20
7,187 10,460 2,30 0,52 2,44 0,16
145,1 260,18 34,4 57,1 74,0 18,2
150,2 335,23 51,1 67,5 29,27 22,4
172,8 386,12 30,0 40,0 48,0 14,0
122,74 175,187 29,15 31,11 15,25 17,3
192,0 468,2 44,0 66,0 78,0 22,0
194,2 458,10 44,0 98,0 68,0 26,0
10,188 6,438 2,48 2,80 2,60 3,23
33,159 2,528 0,52 0,100 1,73 0,36
187,5 556,2 56,0 93,5 76,0 46,0
9,175 2,324 2,40 10,40 1,41 4,24
192,6 400,4 46,0 62,0 46,0 26,0
194,0 524,6 60,0 70,0 68,0 30,0
128,72 237,197 27,39 70,44 38,50 31,7
86,2 266,66 21,19 32,26 43,11 18,14
198,0 539,7 44,2 71,7 60,0 34,2
63,129 174,400 27,31 22,84 39,31 4,32
172,4 314,0 47,1 78,0 36,0 28,0
70,120 140,316 10,36 16,56 20,32 7,13
172,0 390,2 42,0 80,0 66,0 6,0
11,135 7,287 0,54 0,88 0,70 0,22
198,0 480,4 50,0 95,1 74,0 30,0
193,5 479,25 58,0 98,0 70,0 26,0
194,0 316,2 43,1 76,0 60,0 22,0
187,5 568,4 45,1 84,0 73,1 34,0
197,1 490,44 48,8 70,4 60,0 30,2
21,177 30,480 0,54 0,86 0,66 0,22
31,125 49,473 1,49 0,52 6,56 1,11
196,0 596,22 67,1 108,2 82,2 36,0
179,5 529,7 52,2 54,2 66,0 14,0
197,3 538,38 48,0 108,0 74,10 40,0
15,175 4,560 2,60 2,102 2,80 2,38
145,35 396,0 34,0 74,0 57,1 12,0
186,0 476,12 52,0 88,0 56,0 20,0
190,8 602,4 66,0 108,0 78,0 34,0
9,189 1,515 1,51 0,94 0,62 1,37
131,67 283,111 31,9 36,10 27,13 15,3
153,39 380,148 45,15 88,8 45,33 29,3
200,0 553,19 64,0 104,0 82,2 38,0
139,59 281,117 35,13 75,13 42,14 16,6
193,1 474,14 67,1 85,1 60,4 28,0
156,42 544,14 42,12 80,16 75,3 23,3
109,91 190,316 28,32 47,37 27,47 25,7
183,11 500,4 60,0 84,4 74,0 37,1
110,88 269,141 28,26 52,12 40,8 4,20
170,4 255,47 27,1 47,3 36,8 10,0
183,15 342,54 38,2 48,6 38,8 17,3
185,5 319,19 61,3 88,4 55,7 30,0
198,0 500,4 55,3 100,2 84,0 34,0
198,0 432,8 32,0 38,0 42,0 24,0
100,26 93,237 15,31 29,49 2,64 7,17
200,0 365,3 20,0 56,0 46,0 26,0
187,5 497,1 60,0 86,0 68,0 28,0
9,175 2,340 0,22 0,52 1,45 0,22
13,183 21,453 0,46 3,77 2,64 0,32
197,1 559,9 58,0 80,0 76,0 28,0
72,124 277,215 25,35 43,43 23,47 5,23
106,92 134,376 22,26 51,49 37,39 22,10
194,0 480,12 43,1 87,3 59,7 38,0
188,8 538,0 54,0 98,0 78,0 34,0
158,0 280,8 38,0 68,0 58,0 18,0
200,0 480,18 46,0 86,0 64,0 20,0
190,10 504,10 56,4 101,1 72,0 38,0
182,2 443,7 60,0 74,0 69,1 34,0
32,166 26,446 4,46 13,47 6,40 2,24
185,1 428,0 56,0 89,17 72,0 32,0
148,4 270,44 47,11 68,6 53,13 20,2
6,168 1,317 0,36 0,54 0,48 0,16
166,22 445,111 53,5 97,15 70,2 23,5
150,0 431,5 56,0 88,0 68,0 30,0
112,4 333,11 58,0 86,0 63,1 28,0
72,128 196,340 33,27 34,58 26,42 4,24
193,5 382,0 36,0 70,0 58,0 22,0
200,0 571,9 58,0 114,0 74,0 36,0
183,13 540,4 40,0 80,0 54,2 26,0
142,0 238,4 60,0 94,0 72,0 28,0
193,1 380,4 38,0 78,0 58,0 24,0
58,134 212,310 17,39 26,68 38,38 11,29
111,87 288,240 28,24 63,31 38,34 19,11
131,3 340,8 33,3 63,7 56,2 17,3
10,188 47,487 0,62 0,96 3,73 0,40
163,15 380,48 31,23 83,11 46,32 15,9
156,0 334,0 54,2 78,0 52,0 28,0
178,0 353,3 54,0 69,1 54,0 22,0
4,156 0,300 0,42 0,52 0,44 0,22
181,3 370,6 26,0 28,0 22,0 15,1
199,1 498,6 63,1 89,1 69,3 36,0
26,164 20,218 4,48 7,77 1,63 5,21
147,53 353,131 48,16 60,36 64,14 19,15
20,178 49,407 3,41 2,88 6,68 1,27
188,0 287,3 38,0 78,0 52,0 20,0
161,1 280,20 44,0 56,0 50,0 10,0
43,143 23,275 1,35 5,27 15,37 7,27
186,2 340,2 60,0 94,0 68,0 24,0
186,2 514,10 58,0 84,0 78,0 32,0
142,8 354,24 35,5 46,4 45,7 6,0
196,0 302,0 29,1 60,0 50,0 8,0
170,4 436,2 50,0 74,0 60,0 33,1
189,1 510,14 58,0 78,0 72,0 31,1
188,2 349,7 34,2 44,2 38,8 20,0
90,108 121,215 19,27 10,58 9,45 2,30
10,174 11,551 0,60 5,95 14,58 0,34
109,3 304,26 44,10 45,15 46,6 21,3
189,1 418,0 43,3 90,2 62,0 24,0
176,2 336,4 36,0 80,0 32,0 18,0
192,2 393,5 24,0 58,0 42,0 14,6
51,117 52,200 8,46 24,74 8,70 3,27
199,1 285,5 54,0 90,0 72,0 28,0
78,122 262,138 22,20 33,45 31,9 18,2
196,0 388,12 36,8 69,3 44,4 27,1
188,0 483,3 56,0 92,0 76,0 32,0
1,183 4,268 1,47 2,62 0,40 0,18
195,3 461,21 60,0 98,2 66,0 28,0
181,3 389,5 57,1 90,0 61,11 38,0
185,9 442,0 50,0 96,0 74,0 32,0
186,8 288,12 37,1 61,1 42,0 20,0
186,2 293,7 32,0 42,0 28,0 16,0
12,122 7,301 0,56 0,102 0,80 0,24
51,145 118,318 8,30 10,72 33,11 14,18
200,0 385,3 52,0 88,0 43,3 26,0
5,5 0,458 0,50 0,84 0,50 0,32
192,0 259,1 39,1 49,1 48,2 22,0
192,0 378,6 56,0 90,0 76,0 38,0
192,6 252,8 39,3 65,1 34,2 12,2
185,5 465,29 48,4 82,0 61,3 27,1
184,14 524,40 59,5 110,0 67,15 37,1
196,0 374,6 56,0 89,3 66,0 26,0
155,1 355,11 46,0 56,0 26,0 20,0
54,142 76,300 17,33 32,50 10,42 6,16
184,0 325,7 39,3 77,3 57,1 14,0
185,3 325,3 36,0 40,0 22,0 16,0
113,79 402,66 39,15 53,45 34,22 7,21
179,11 488,44 48,8 81,9 72,2 27,3
192,0 532,16 56,0 110,0 68,2 38,0
196,0 448,6 46,0 60,0 56,0 18,0
122,0 306,4 46,0 76,0 58,2 14,0
190,0 450,4 54,0 84,0 58,0 24,0
185,1 346,20 50,0 74,0 54,0 26,0
196,0 406,0 42,0 89,1 56,0 20,0
188,0 227,3 58,2 86,0 74,0 28,0
170,0 353,3 50,0 71,3 70,0 28,0
190,4 363,1 35,1 66,2 46,0 27,1
109,27 359,19 40,8 60,2 38,4 14,8
176,12 412,12 64,0 110,0 86,0 34,0
196,0 551,1 52,0 94,0 74,0 30,2
176,0 450,0 54,0 84,0 38,6 34,0
190,6 351,1 43,5 66,2 52,4 20,0
42,0 361,3 46,2 66,6 56,0 30,0
186,4 297,13 52,0 75,3 43,5 18,0
196,0 426,2 28,0 42,0 38,0 16,0
180,0 209,3 46,6 77,9 49,3 20,0
193,3 535,3 62,0 105,1 80,0 36,0
193,1 390,6 46,0 54,0 74,0 16,0
192,4 328,18 45,3 84,4 63,3 18,0
186,0 337,3 40,0 58,0 49,1 18,0
180,0 382,0 46,2 83,1 59,13 26,0
186,6 576,0 66,0 104,0 80,0 38,0
160,2 337,5 46,2 55,5 47,3 30,0
194,0 469,35 34,0 39,1 36,0 22,0
178,0 298,8 28,0 52,0 32,0 16,0
167,9 276,36 38,2 58,10 38,12 22,0
198,0 548,12 48,4 80,6 82,0 32,0
140,4 350,16 39,3 56,4 50,4 18,0
120,80 264,256 37,27 50,52 23,45 14,18
32,158 25,339 9,29 5,55 0,44 2,14
193,1 372,0 42,0 82,0 52,0 18,2
182,16 440,6 61,5 107,3 72,6 33,1
5,187 5,551 1,57 0,96 0,74 0,32
111,79 151,149 17,35 46,30 28,30 16,4
154,4 334,6 38,2 50,0 46,0 14,0
172,2 446,2 55,1 98,0 72,0 30,0
184,0 310,18 47,3 79,7 53,3 14,0
183,3 293,9 33,3 51,5 46,0 16,0
183,3 274,6 42,0 64,0 50,2 20,0
146,0 286,0 40,0 74,2 56,0 12,0
108,92 165,283 21,27 57,41 27,43 29,9
93,93 198,134 19,7 25,25 14,14 6,8
169,3 275,3 57,1 89,3 80,0 25,1
189,5 492,0 52,0 80,0 72,0 24,0
185,5 483,1 52,0 90,6 59,1 36,0
48,150 136,428 5,55 19,65 19,57 8,26
180,12 484,36 63,1 99,1 80,0 32,4
192,0 381,7 48,6 78,4 42,2 28,0
148,2 237,7 62,0 90,2 52,2 19,1
182,0 402,16 54,0 62,34 65,9 33,5
189,3 472,6 54,0 82,2 62,2 28,0
183,3 331,7 22,0 38,0 34,0 12,0
9,189 1,277 0,42 0,82 1,61 1,21
143,43 376,32 57,1 75,25 49,3 19,13
185,5 265,1 38,0 56,2 37,1 12,0
172,20 472,6 38,0 70,10 61,1 21,1
168,6 450,0 38,2 82,0 52,0 20,0
6,62 2,390 0,44 0,70 0,44 0,22
87,99 68,240 7,37 6,66 13,45 3,17
176,0 432,4 40,0 64,0 66,0 18,0
110,88 150,260 20,32 29,55 25,37 8,20
161,1 280,4 31,1 68,0 42,2 16,0
184,0 332,2 28,0 64,0 40,0 16,0
198,0 484,0 52,0 89,1 66,0 22,0
21,179 66,218 6,40 3,47 18,34 2,10
122,14 282,36 43,5 46,32 40,10 21,7
92,96 128,298 16,36 37,33 21,27 8,26
176,20 348,54 37,5 73,1 62,0 19,1
167,1 267,5 40,2 68,0 46,0 16,0
194,0 373,5 28,2 42,0 32,2 10,0
196,0 466,4 48,0 86,0 60,0 24,0
142,44 243,43 37,9 49,13 32,10 17,5
170,0 444,2 34,0 44,0 64,0 16,0
185,3 395,9 45,3 82,2 46,2 26,0
184,4 476,0 56,4 90,2 62,0 32,0
196,2 322,10 45,1 74,0 51,3 12,2
185,3 452,0 52,0 85,3 72,2 18,0
192,0 422,0 46,2 94,0 68,0 36,0
190,0 370,0 26,0 32,0 40,0 11,1
194,0 564,0 66,0 106,6 78,0 34,0
184,6 334,0 52,0 82,0 70,0 22,0
177,7 391,3 46,0 64,0 60,0 22,0
163,3 266,4 42,0 66,0 53,1 14,0
182,4 321,1 32,0 68,0 44,0 24,0
138,0 342,0 48,0 68,4 66,2 18,0
195,1 490,4 54,0 102,0 76,0 34,0
11,179 4,450 1,55 1,95 0,70 0,28
178,8 316,8 54,0 74,0 42,0 28,0
158,0 364,4 54,0 71,1 60,0 16,0
186,8 262,0 44,0 66,0 56,0 12,0
175,15 317,5 44,4 70,0 50,0 18,0
119,73 299,163 35,19 64,36 45,25 23,9
129,19 273,133 25,15 49,23 26,22 8,0
69,127 89,499 12,42 19,79 7,63 5,23
25,157 84,258 6,48 13,67 16,48 15,13
106,2 226,82 21,27 34,34 24,22 11,5
140,0 331,5 42,0 72,0 52,0 22,0
197,1 586,26 58,0 110,0 78,0 37,1
184,4 574,4 70,0 108,0 80,0 40,0
197,1 506,0 55,3 98,0 72,0 36,2
13,61 18,306 0,46 2,80 19,27 0,30
168,30 471,77 65,3 109,3 71,9 41,1
176,20 333,1 33,7 55,1 55,3 8,0
196,0 540,6 56,0 97,3 70,0 15,1
152,0 310,0 50,0 76,0 58,0 21,1
144,44 344,48 35,7 53,25 51,7 24,2
194,0 545,1 54,0 100,0 80,2 38,0
188,0 296,4 42,0 62,0 41,9 26,0
188,0 301,5 46,0 74,0 53,1 14,0
195,3 308,14 45,5 84,0 66,0 28,0
13,187 7,545 4,54 3,93 2,74 2,30
194,4 569,7 68,0 104,2 82,0 36,0
190,0 393,3 56,0 80,0 70,0 35,1
188,0 487,5 54,0 92,0 82,0 24,0
196,0 427,1 46,0 49,1 62,0 24,0
157,37 421,55 47,7 85,3 63,7 33,1
162,36 419,37 60,4 90,12 81,1 34,6
92,104 366,152 37,21 59,37 54,12 8,24
12,54 115,261 7,35 8,70 26,36 0,26
190,0 455,1 54,0 92,0 58,0 22,0
129,1 406,8 48,2 42,2 54,0 8,0
194,0 536,8 58,2 100,0 81,1 40,0
178,18 322,0 38,0 82,0 44,0 20,0
177,11 320,0 16,0 30,0 42,0 28,0
80,64 252,178 28,32 28,62 30,38 16,16
65,123 319,187 26,26 23,59 46,30 3,31
192,0 475,3 56,0 66,4 58,0 16,2
51,139 64,328 3,45 17,61 13,35 2,24
187,5 530,2 57,1 82,0 74,0 28,0
180,0 315,5 50,0 70,0 52,4 22,0
192,0 430,4 56,0 90,0 60,2 36,0
107,47 235,111 35,5 26,12 37,27 7,3
188,4 483,5 52,0 94,0 84,0 28,0
188,0 207,1 50,0 74,0 66,0 26,0
198,0 566,0 56,0 95,5 76,0 40,0
185,11 476,0 47,1 91,1 68,0 20,0
18,174 2,266 0,52 0,80 0,54 0,12
181,11 390,0 39,5 84,0 64,0 22,0
176,22 431,7 50,4 78,0 64,0 32,0
106,0 311,1 56,2 86,4 52,0 16,0
97,99 169,321 32,26 34,54 10,38 19,13
193,1 515,3 55,1 94,0 61,7 38,0
12,100 3,255 0,54 1,95 0,72 0,30
198,0 414,0 34,0 68,0 51,1 26,0
174,8 472,0 58,0 96,0 72,0 42,0
141,9 287,7 49,1 70,0 35,3 15,1
154,0 532,0 52,0 88,0 64,6 36,0
8,132 7,437 3,59 1,93 0,66 0,28
190,0 515,17 58,0 97,1 68,0 32,0
196,0 414,4 47,1 92,6 65,3 36,0
158,0 410,0 53,1 66,0 47,9 24,0
176,0 403,3 50,0 82,0 54,0 26,0
181,7 411,3 47,1 51,1 58,0 22,0
154,2 326,18 24,2 38,6 39,3 19,1
4,184 3,343 0,26 0,52 0,52 1,11
153,45 436,92 51,13 84,12 76,4 32,2
156,0 339,1 50,0 77,1 64,0 26,0
196,0 450,0 43,1 86,0 42,12 34,0
187,3 485,29 59,1 89,3 57,11 32,0
193,1 514,4 54,4 101,3 76,0 34,0
186,14 519,59 52,8 100,10 75,11 31,5
150,44 325,109 33,15 57,23 38,26 18,14
193,5 552,10 56,0 102,0 82,0 34,0
174,0 354,2 40,0 50,0 32,2 12,0
159,11 542,2 47,1 69,15 66,0 24,0
155,1 339,21 29,5 68,2 60,0 23,1
188,0 464,2 52,0 95,1 72,0 24,0
184,6 530,32 53,5 93,7 80,0 36,0
194,0 536,12 64,0 100,0 70,0 34,0
196,0 386,0 54,0 74,6 68,0 36,0
172,4 481,3 61,1 62,0 74,0 26,0
129,53 245,109 35,13 29,7 41,5 18,6
192,0 337,1 40,0 64,0 46,0 30,0
76,120 165,297 20,34 52,36 19,47 10,16
160,0 292,0 42,0 52,0 52,2 10,0
194,0 540,8 64,0 102,0 80,0 38,0
179,1 350,18 36,0 44,4 46,2 32,0
191,3 511,1 58,0 90,0 72,0 30,0
184,4 396,2 38,0 80,0 56,0 24,0
192,0 438,0 32,0 56,0 25,1 28,0
112,78 390,210 40,24 63,45 45,27 20,18
200,0 500,4 56,2 74,0 66,0 28,0
173,15 295,1 46,0 84,0 50,0 24,0
164,0 391,3 59,1 83,1 66,0 28,0
135,59 267,19 28,0 48,2 22,6 20,0
179,17 438,10 56,0 89,1 48,16 30,0
200,0 574,6 60,0 90,0 74,0 42,0
102,96 139,219 22,16 11,63 25,39 18,2
164,0 344,2 54,0 85,1 65,1 20,0
181,11 450,18 46,0 60,0 50,0 24,0
78,80 107,245 7,31 13,27 4,52 16,10
180,4 315,3 44,0 50,0 34,0 8,0
94,104 301,281 38,26 52,54 39,45 14,22
188,2 402,18 60,0 90,0 56,0 26,0
186,0 402,0 50,2 82,2 62,0 23,1
113,87 215,265 20,28 24,52 25,45 8,10
157,1 459,9 48,0 82,0 58,0 24,0
197,1 442,4 54,0 94,0 66,0 32,2
198,0 579,5 62,0 105,3 76,0 30,2
164,2 323,9 47,3 67,1 45,7 22,0
166,2 448,4 50,0 75,7 56,0 28,0
187,1 473,5 58,0 99,1 76,2 46,0
189,5 494,0 54,0 92,0 70,0 26,0
190,0 361,13 64,0 83,1 54,2 21,1
12,184 16,272 4,38 1,69 0,38 4,16
186,8 429,5 66,0 88,0 62,2 28,0
196,2 440,2 48,2 83,1 64,0 18,2
173,25 524,20 32,8 94,2 68,0 39,1
154,36 354,24 48,8 84,6 55,3 22,0
193,1 346,14 59,1 88,4 62,14 26,0
6,192 3,281 0,20 0,60 0,48 0,12
187,1 445,1 38,0 75,1 62,0 24,0
167,23 503,23 51,7 85,15 67,3 27,7
190,0 269,1 48,0 69,1 42,0 16,0
200,0 579,27 62,0 112,2 82,4 42,0
0,186 9,539 0,56 0,100 0,82 0,34
190,2 442,38 54,2 87,1 54,6 30,0
190,0 462,6 48,0 50,0 58,0 30,0
187,11 444,6 46,0 89,1 52,0 28,0
194,0 585,5 52,0 102,0 74,0 38,0
6,190 7,475 0,54 0,100 0,64 0,34
194,0 559,5 64,0 102,0 86,0 40,0
1,179 1,463 0,32 1,71 1,51 0,16
187,3 552,0 56,4 104,0 76,0 32,0
196,2 567,1 62,0 106,0 84,0 36,0
175,17 538,4 60,0 84,0 69,3 22,0
21,175 43,385 3,55 5,91 8,60 0,38
182,0 282,6 42,0 64,0 50,0 22,0
182,0 556,2 58,0 86,0 72,0 34,0
194,0 576,4 64,0 110,0 73,1 42,0
191,5 471,9 57,5 79,3 54,2 34,0
200,0 412,2 50,0 74,0 66,0 22,0
78,42 199,139 16,18 32,40 29,21 13,13
183,17 359,21 57,1 77,9 64,8 23,3
192,0 470,4 60,0 87,1 69,1 36,0
172,22 347,7 44,0 76,0 54,2 30,0
11,171 15,297 4,36 4,80 16,42 0,30
197,1 528,8 58,2 89,3 69,1 28,0
183,5 397,1 58,0 88,0 62,0 30,0
198,0 476,6 52,6 70,2 64,0 26,0
183,1 394,0 38,0 66,0 52,0 30,0
183,5 276,42 31,3 42,4 48,4 16,0
20,176 21,579 1,59 5,105 2,74 2,28
200,0 359,1 50,0 62,0 54,4 16,0
193,3 511,1 53,1 83,1 72,0 36,0
188,4 552,2 64,0 106,0 78,0 34,0
184,0 376,6 50,0 88,0 52,0 30,0
146,50 475,35 50,8 88,12 60,2 19,13
122,0 396,0 36,0 38,4 46,0 8,0
195,3 593,7 59,3 104,0 76,6 44,0
174,0 443,7 41,1 44,2 40,0 22,0
133,49 70,236 17,9 35,21 24,14 8,6
180,2 302,16 53,3 83,5 52,4 28,0
194,0 461,3 36,0 74,0 52,6 24,0
192,6 557,7 56,0 103,1 70,2 32,0
181,13 478,72 39,13 81,27 48,22 31,1
185,3 346,2 50,0 58,0 52,0 22,0
2,192 4,420 2,38 5,73 3,55 0,38
186,0 333,3 56,0 40,0 56,0 18,0
174,24 423,45 42,2 83,1 59,1 23,3
182,4 419,27 49,3 88,2 66,0 26,2
190,0 436,2 52,0 86,0 56,2 24,0
70,0 326,0 55,1 75,5 44,10 22,0
195,3 378,6 56,0 64,0 75,1 30,0
180,0 302,2 54,0 78,0 40,4 30,0
167,7 451,27 36,12 60,2 45,5 26,0
175,1 356,0 38,0 60,0 44,0 20,0
158,30 356,0 48,0 68,0 24,0 22,0
190,8 427,5 44,0 90,0 52,0 22,0
143,55 340,192 35,19 70,16 25,45 27,5
90,16 107,157 20,40 26,68 8,58 1,19
57,141 219,201 19,41 33,65 38,44 3,29
194,4 395,1 45,3 82,0 50,0 14,0
9,179 17,207 6,50 2,80 7,45 1,27
186,0 364,6 43,3 60,0 54,0 22,0
140,40 248,150 34,16 57,21 27,27 21,7
157,1 378,0 56,0 72,0 72,0 30,0
200,0 570,0 50,6 112,0 86,0 40,0
122,76 367,105 36,18 40,52 54,12 6,24
168,0 336,4 54,2 92,4 68,0 34,0
197,3 471,3 56,0 104,0 76,0 36,0
196,0 528,0 54,0 78,0 63,5 30,0
143,7 331,1 36,0 62,0 48,0 20,0
160,2 344,8 42,0 75,3 66,0 26,0
160,34 554,42 64,6 107,1 77,7 36,0
178,8 332,8 40,0 86,0 41,3 32,0
47,111 183,119 20,36 27,61 36,38 2,26
174,0 456,4 55,3 72,0 60,0 36,0
2,182 7,567 1,59 0,98 1,77 0,38
190,8 329,1 52,0 84,0 48,0 22,0
196,2 394,0 44,0 92,0 54,4 32,0
177,3 205,97 17,13 21,25 23,15 14,8
198,0 439,3 48,0 90,0 64,2 15,3
124,0 313,3 44,0 80,0 50,0 18,0
39,159 21,371 0,44 1,83 0,56 0,14
146,0 377,3 44,0 95,1 61,3 24,0
183,3 441,1 54,0 90,0 48,0 28,0
187,1 500,32 46,0 86,0 68,0 36,0
76,110 382,92 28,16 61,35 52,12 14,12
130,2 326,2 44,0 88,0 56,0 28,0
83,113 183,377 14,44 43,59 16,60 17,23
0,164 2,274 0,46 0,70 0,56 0,6
192,6 442,14 48,0 89,1 67,3 32,0
190,0 382,2 52,0 84,0 61,1 15,1
172,2 350,2 38,0 51,11 44,0 20,0
180,12 459,19 61,1 84,2 67,1 38,0
170,6 340,4 46,0 62,0 35,1 30,0
179,15 517,13 38,0 73,3 48,0 24,0
110,84 254,260 41,17 54,40 18,58 21,9
195,1 390,0 24,0 42,2 34,0 18,0
198,0 552,0 62,0 109,3 90,0 38,0
160,40 434,40 47,9 76,4 62,0 26,4
191,5 478,22 56,0 106,0 74,0 30,2
166,0 396,4 50,0 90,0 70,0 20,0
184,12 301,19 28,0 31,7 20,0 22,0
178,0 251,5 39,5 71,5 56,4 22,0
120,46 193,95 35,17 30,26 41,23 14,8
191,7 459,19 52,0 56,0 53,5 18,0
168,2 258,0 38,4 60,0 58,0 18,0
166,0 294,2 34,2 50,0 40,0 16,0
195,1 554,10 61,1 106,0 68,0 36,0
191,1 456,28 60,0 91,3 71,3 30,0
196,2 520,0 56,0 98,0 69,1 34,0
103,89 158,164 24,14 26,52 23,21 5,7
144,0 360,6 40,0 55,1 38,0 12,0
181,7 355,29 35,1 48,0 34,4 12,0
185,5 472,34 57,3 74,6 74,0 30,0
160,24 477,51 45,9 95,13 68,8 28,8
188,2 564,4 52,0 84,0 76,0 30,0
190,0 535,1 52,0 100,0 49,5 28,0
196,0 376,8 41,1 66,4 67,1 32,0
120,74 352,126 27,15 54,26 58,18 11,19
187,1 416,6 41,1 76,0 62,0 22,0
178,0 282,0 44,2 70,0 60,0 23,1
6,188 3,347 1,41 2,44 0,38 0,26
12,186 3,547 0,66 0,102 0,78 0,42
190,8 560,2 54,0 102,0 72,0 44,0
190,0 285,3 43,1 78,0 54,0 18,0
183,1 396,0 48,0 68,0 72,0 24,0
167,1 278,2 39,1 64,0 50,0 12,0
194,0 383,11 50,0 80,0 52,0 32,0
108,0 281,19 46,0 56,14 49,3 21,1
185,3 377,11 44,0 73,1 61,1 21,3
71,7 331,3 42,0 90,0 48,0 24,0
189,3 285,3 52,4 98,0 74,0 16,0
179,3 402,0 42,2 53,3 62,0 20,0
4,162 17,355 0,30 4,50 1,53 0,12
192,0 540,4 57,1 94,0 70,0 32,0
198,0 356,6 46,0 96,0 62,0 24,0
180,0 311,3 54,0 87,1 71,1 24,0
192,0 546,0 64,0 104,0 81,3 30,0
188,6 479,1 56,0 86,0 74,0 24,0
142,0 302,6 46,0 78,0 31,1 38,0
200,0 513,7 53,1 78,0 51,1 28,0
20,174 19,465 3,47 0,96 1,67 0,26
180,0 504,4 52,6 98,0 65,1 29,7
143,55 443,139 42,18 84,24 43,35 42,2
191,1 421,3 58,0 86,0 70,0 34,0
174,2 305,5 58,0 88,0 44,0 34,0
185,3 451,3 56,0 64,0 56,0 12,0
174,10 429,3 66,0 106,0 64,10 40,0
12,186 4,436 2,58 0,100 1,67 0,40
104,2 306,32 26,4 67,3 45,1 31,3
174,0 418,2 46,0 51,5 52,0 20,0
177,11 488,4 36,0 52,0 38,0 22,0
194,2 467,7 54,6 82,2 68,0 23,1
169,21 455,15 31,7 80,2 57,1 26,2
176,22 289,9 37,1 60,0 52,0 20,0
192,0 388,4 36,0 59,5 58,0 10,0
12,178 11,451 1,43 9,61 6,52 0,22
35,153 183,185 12,28 45,33 33,27 5,11
185,9 371,1 48,0 74,0 40,0 18,0
1,129 0,258 0,50 5,71 0,58 0,28
188,8 547,1 50,2 96,0 82,0 32,0
178,6 338,2 58,2 94,0 66,0 32,0
189,9 422,14 37,1 68,4 48,6 22,2
196,2 339,7 60,0 104,0 54,0 32,0
129,65 405,101 28,16 44,48 65,13 19,17
179,1 399,13 44,2 71,1 41,1 20,0
165,35 505,45 49,11 99,11 63,19 35,1
14,104 3,307 0,52 0,74 0,58 0,28
150,42 223,69 27,5 37,17 32,6 14,0
180,0 483,1 50,0 94,0 63,5 22,0
73,1 350,8 48,0 78,0 50,0 26,0
192,0 605,11 60,0 106,0 74,0 40,0
19,163 99,409 14,38 13,51 19,39 5,31
196,0 270,10 40,0 50,4 51,1 28,0
15,173 0,412 2,40 6,42 0,48 0,10
188,0 572,2 55,1 102,0 82,0 42,0
200,0 485,7 65,1 94,0 72,0 36,0
14,154 2,258 0,46 0,66 0,54 1,21
112,0 280,2 45,3 68,6 68,0 26,0
193,1 485,1 53,1 68,0 56,0 22,0
186,2 398,8 48,0 62,4 58,0 24,0
190,0 393,5 54,0 84,0 52,0 30,0
183,5 416,4 56,0 72,0 64,0 30,0
186,2 462,6 56,0 86,0 62,0 39,1
67,49 263,79 32,24 46,30 24,38 7,17
196,2 318,0 44,0 64,0 54,0 26,0
76,0 348,16 52,0 71,1 52,0 24,0
159,37 442,12 48,6 96,2 62,2 26,2
194,0 507,19 44,0 74,2 56,0 20,0
120,22 169,97 29,23 32,68 41,27 7,13
194,0 351,1 45,1 59,3 54,0 24,0
69,121 240,164 20,24 50,38 30,22 15,19
182,6 391,3 36,0 69,1 54,0 22,0
116,0 370,4 34,0 44,2 30,2 8,0
172,0 311,5 36,0 46,0 48,0 12,0
94,104 102,420 10,36 61,47 13,57 14,28
196,0 514,10 56,0 78,0 58,0 32,0
192,0 496,10 53,3 93,5 60,0 34,0
187,5 463,1 52,0 55,1 54,0 22,0
189,1 343,3 58,0 82,2 58,0 20,0
196,0 562,6 58,0 100,0 80,0 36,0
187,3 432,10 62,0 112,0 84,0 31,3
189,1 283,3 45,1 82,0 58,0 24,0
142,32 292,136 31,7 54,8 51,17 16,0
126,2 298,4 29,5 68,2 40,0 31,1
182,0 480,0 62,0 82,0 62,0 15,1
182,0 387,9 52,2 78,0 60,0 26,0
165,1 309,7 52,0 64,0 64,0 20,0
194,0 474,0 46,6 97,1 62,0 28,0
183,15 258,10 43,1 64,0 50,0 24,0
179,7 321,15 56,0 88,0 48,8 22,0
190,0 441,3 48,0 89,1 47,7 33,1
179,9 427,9 56,4 87,5 42,0 38,0
187,11 380,52 57,9 102,4 79,1 28,8
190,4 476,14 44,0 86,0 57,3 18,0
169,5 403,23 53,3 94,4 56,12 34,0
185,13 552,2 58,2 88,14 78,0 32,0
190,0 452,6 60,0 88,2 71,3 26,0
175,7 455,25 42,0 52,0 32,8 22,0
196,0 407,9 50,0 78,0 52,0 20,0
11,187 2,510 0,54 0,66 0,72 0,30
189,1 461,5 56,0 87,1 64,0 32,0
39,139 27,341 5,39 5,85 3,53 3,7
189,9 467,27 54,0 89,1 63,7 22,0
186,2 364,4 48,0 50,0 48,2 32,0
198,0 575,7 68,0 114,0 84,2 38,0
194,4 251,9 33,5 63,5 44,6 20,0
16,182 27,381 0,44 1,81 11,43 0,18
190,4 574,2 58,0 100,0 77,1 34,0
139,3 434,0 36,0 66,0 52,0 20,0
85,101 164,198 33,19 23,59 36,28 5,13
156,0 350,4 52,0 68,0 46,0 18,0
196,0 488,2 58,0 88,0 68,0 30,0
194,0 496,0 44,0 84,0 61,5 30,0
36,10 339,53 34,12 61,5 33,5 16,6
135,1 401,1 46,0 60,0 60,0 4,0
48,0 392,0 46,2 74,0 56,0 20,0
183,3 377,25 54,2 71,7 66,2 28,0
197,1 392,12 54,0 84,0 61,3 34,0
114,84 440,108 47,7 68,32 48,14 17,19
200,0 429,5 58,0 94,0 66,0 30,0
83,61 146,236 13,41 44,40 12,36 9,11
36,162 52,360 8,10 18,2 0,14 3,9
159,39 364,26 56,0 65,27 51,9 22,6
170,4 519,25 56,2 107,1 69,3 37,1
168,0 434,2 52,0 82,0 68,0 21,1
143,7 437,13 45,1 88,2 43,15 32,0
188,0 296,0 26,0 54,0 36,0 8,12
198,0 558,4 58,0 107,1 80,0 42,0
175,19 490,82 58,8 99,3 73,11 42,0
188,2 427,3 12,0 22,0 26,0 8,0
194,4 387,7 40,4 64,0 50,0 12,0
196,0 367,11 52,0 68,0 54,0 18,0
161,29 446,110 43,7 66,18 54,12 29,3
166,28 457,163 57,11 102,14 67,19 39,7
182,16 594,6 50,2 99,1 83,1 45,1
178,0 576,0 58,0 104,0 70,6 34,0
87,67 237,111 30,2 27,11 40,4 7,15
196,2 580,10 60,0 98,0 74,0 44,0
176,2 445,45 53,1 85,5 55,3 30,2
86,94 158,288 18,38 34,42 23,33 15,9
128,2 341,1 40,0 76,0 56,0 26,0
176,2 301,5 46,0 48,0 56,0 20,0
5,185 30,558 2,54 3,107 2,80 2,40
169,1 232,68 33,19 72,8 51,9 21,3
154,42 527,35 50,14 87,19 76,6 37,1
138,12 309,53 56,0 88,8 52,18 20,0
186,0 334,10 44,0 57,3 38,0 23,1
142,0 311,9 50,0 73,1 52,0 22,0
179,17 521,11 60,2 79,9 66,0 32,0
73,127 247,255 28,24 24,66 31,37 10,28
59,135 182,236 15,39 26,48 19,31 6,18
198,0 570,6 64,0 102,0 74,0 42,0
40,154 102,226 6,18 21,13 27,15 1,3
14,182 1,315 0,32 0,52 0,34 0,10
162,4 358,4 52,0 88,0 58,0 30,0
162,2 317,1 39,1 78,0 50,0 26,2
12,182 33,367 2,40 3,83 6,58 1,27
188,0 311,3 50,0 92,4 48,0 30,0
184,0 492,6 50,0 65,5 66,0 20,6
193,5 579,5 56,0 102,0 76,0 35,1
188,10 448,22 55,1 73,1 71,1 20,0
189,9 292,58 58,4 79,5 56,2 30,0
184,12 466,2 52,0 44,14 46,2 26,2
198,0 338,6 42,2 79,3 46,2 16,0
176,0 294,2 32,0 53,3 58,0 18,0
96,102 219,359 19,33 13,73 34,42 7,27
198,0 542,0 56,0 107,1 64,6 38,0
159,37 420,2 55,3 44,0 58,0 12,0
190,0 558,0 52,0 84,0 61,5 34,0
169,9 525,29 51,1 96,2 73,5 18,20
190,0 518,2 54,0 96,0 68,6 38,0
196,0 298,4 52,0 88,0 66,0 16,0
200,0 427,7 44,4 53,33 57,3 28,6
90,0 367,1 47,1 82,0 44,0 28,0
11,145 3,299 0,28 2,60 0,54 0,16
189,1 409,3 40,0 66,0 60,0 24,0
170,4 239,9 36,2 67,1 43,3 26,0
7,165 17,549 0,56 0,98 2,70 0,34
177,5 443,5 46,0 82,0 70,0 29,1
133,65 344,96 38,12 55,17 25,23 10,8
115,51 269,131 38,16 57,17 59,9 24,8
177,3 379,29 45,1 75,1 67,1 25,1
194,0 539,9 56,0 86,2 64,2 31,1
170,2 445,1 56,0 86,0 74,0 20,0
144,2 380,10 56,0 80,0 63,1 30,0
194,0 485,1 50,0 89,1 76,0 38,0
92,98 223,311 24,38 37,57 31,41 25,13
190,8 508,24 46,12 94,8 75,3 39,1
160,2 343,7 45,1 79,1 59,1 22,0
146,54 442,116 39,23 80,26 57,21 28,10
25,165 49,487 6,56 11,91 1,71 10,22
189,1 598,6 62,0 112,0 82,0 36,0
189,1 593,5 68,0 110,2 84,0 44,0
186,4 483,9 56,0 84,0 74,2 32,0
116,80 342,98 38,18 34,40 44,20 10,12
188,0 464,2 54,0 89,1 67,1 30,0
188,0 441,13 36,0 56,0 54,0 34,0
182,0 432,16 48,0 86,0 63,5 22,0
183,13 544,76 55,5 96,12 84,2 40,4
161,31 454,32 46,6 57,35 56,8 11,23
92,48 32,226 3,53 19,69 3,51 9,11
138,10 373,7 42,0 94,0 50,0 30,0
187,11 340,64 41,9 73,7 56,10 38,2
168,26 376,18 20,0 65,1 46,0 20,2
24,120 12,324 2,34 6,70 6,40 3,29
15,183 55,513 7,49 2,92 4,72 4,30
185,5 304,32 49,3 64,2 38,10 22,0
192,8 366,0 63,1 98,0 81,1 32,0
154,20 388,4 31,3 47,3 69,3 27,5
146,0 312,0 37,3 65,1 44,0 28,0
16,178 28,556 3,61 6,94 0,70 0,26
7,191 7,471 8,50 2,80 0,70 0,32
13,179 19,523 0,60 1,109 0,82 0,32
188,0 538,2 58,0 88,0 68,0 34,0
183,7 372,2 46,0 76,0 52,0 28,0
183,1 422,10 46,0 80,0 56,0 26,0
184,0 296,6 44,0 42,0 50,0 28,0
78,108 166,372 16,32 14,72 19,49 10,22
168,0 558,0 64,2 109,1 78,0 46,0
182,0 367,1 40,0 50,0 48,0 20,0
190,4 390,8 52,0 72,0 32,0 24,0
182,12 463,95 55,3 86,8 68,10 32,2
14,178 23,589 1,61 0,118 0,88 0,44
194,0 463,3 32,0 62,0 46,0 14,0
193,7 464,66 62,2 95,3 71,1 30,4
103,85 365,195 52,14 65,31 45,25 14,14
102,88 357,93 47,15 46,38 53,19 14,10
188,0 434,30 57,1 92,6 67,1 28,0
189,9 278,2 44,0 78,0 56,0 11,1
172,0 385,1 56,2 74,2 59,1 18,0
198,0 355,1 54,0 92,4 62,0 24,0
152,40 353,25 50,2 72,8 45,23 12,8
173,21 432,40 49,9 77,5 65,3 38,0
4,188 11,459 0,48 0,80 0,72 0,36
176,16 328,48 35,7 60,2 58,0 28,0
176,6 366,4 36,0 50,0 52,0 14,0
125,43 124,244 23,21 35,29 38,18 20,6
178,0 290,0 46,0 63,3 52,0 19,3
199,1 570,4 60,0 101,3 86,0 34,0
192,0 513,3 48,0 94,2 70,0 36,0
160,0 290,12 40,4 76,2 51,5 21,1
197,3 572,6 56,0 99,5 78,0 31,1
192,4 513,1 44,0 82,0 64,0 28,0
176,12 514,20 58,0 98,0 70,0 24,0
165,9 536,2 40,0 50,0 62,0 20,0
24,176 22,448 2,46 2,62 2,62 2,12
180,0 311,1 42,0 60,0 38,2 22,0
14,184 49,525 1,55 0,102 7,75 0,40
175,3 362,0 50,0 68,0 60,0 8,0
192,6 434,14 49,7 97,1 64,2 30,0
190,0 542,24 58,2 91,11 74,0 45,3
198,0 491,5 49,1 85,1 66,0 34,0
142,0 456,6 50,0 50,0 56,0 14,0
12,180 8,506 2,58 2,70 2,54 2,30
5,177 2,362 2,38 1,51 0,30 0,18
194,0 598,2 61,1 107,1 82,0 44,0
197,1 484,0 58,0 107,3 74,0 38,0
2,192 10,448 3,37 1,49 0,52 0,26
200,0 445,5 56,0 84,0 64,0 38,0
185,7 251,5 49,1 73,3 52,0 20,0
136,2 402,4 52,0 69,3 54,0 30,0
134,64 462,108 57,11 76,36 65,19 36,6
184,0 411,1 44,0 73,1 62,0 34,0
184,2 341,1 64,0 81,1 62,0 32,0
187,3 455,1 52,4 101,1 60,0 30,0
14,174 9,577 2,58 2,106 2,78 2,40
171,1 266,16 36,6 65,1 37,13 16,0
200,0 438,10 57,3 101,1 54,0 26,2
10,188 1,571 0,58 0,114 11,65 0,42
181,5 283,7 46,0 52,0 52,0 16,0
163,1 356,6 45,3 92,2 48,2 18,0
175,3 208,42 45,11 67,13 54,6 32,0
48,136 14,398 5,43 6,72 2,54 2,20
168,4 336,0 40,0 78,0 54,0 32,0
174,0 256,2 50,0 78,0 51,3 16,0
186,0 411,13 54,0 82,0 62,0 32,0
188,2 408,34 52,4 81,3 55,5 27,1
198,0 477,7 47,1 67,5 65,1 28,0
198,0 462,8 64,0 96,0 70,0 38,0
180,2 519,5 50,0 82,2 59,9 42,0
120,72 160,166 37,15 46,44 36,24 8,14
131,67 317,165 32,24 40,42 36,36 15,13
177,15 379,13 24,0 35,1 37,1 10,0
41,157 192,350 22,36 32,62 24,42 7,25
130,60 458,8 49,5 85,3 58,0 21,1
164,2 329,5 32,0 36,0 34,0 12,0
144,54 238,66 16,6 39,19 30,10 8,8
198,0 436,2 52,0 88,2 60,0 24,2
141,39 327,21 34,8 36,0 36,0 3,1
165,23 416,80 41,11 63,15 57,7 30,4
183,5 420,8 43,7 47,1 38,4 9,1
147,43 375,127 42,16 81,15 53,21 28,2
185,3 267,57 47,7 59,5 55,3 16,12
198,0 563,1 54,0 108,0 88,0 38,0
46,152 18,284 4,38 6,66 0,44 3,11
192,4 350,4 45,1 52,0 48,0 16,0
135,63 464,56 40,14 53,45 60,6 17,7
115,81 288,224 25,7 53,21 32,22 24,8
197,1 357,11 62,0 106,0 72,0 34,0
199,1 578,6 65,1 110,0 81,3 40,0
73,123 167,313 19,23 53,37 24,34 11,11
186,8 488,32 42,2 86,2 62,0 28,0
198,0 571,7 64,0 107,3 82,8 38,0
170,0 417,5 54,0 88,0 62,0 28,0
186,0 399,3 54,0 92,0 74,0 26,0
182,0 329,41 23,5 33,15 25,27 12,2
187,7 381,1 28,0 58,0 37,1 12,0
182,4 422,10 46,0 82,6 62,0 30,0
178,0 457,33 40,2 65,3 45,1 16,4
108,0 366,16 50,0 70,0 60,0 28,0
125,5 420,40 50,8 81,7 63,7 28,2
164,0 310,0 58,0 71,3 59,1 28,0
175,7 337,1 40,0 66,0 52,0 12,0
192,0 364,6 42,0 54,0 40,0 20,0
199,1 468,12 56,0 98,0 59,7 34,0
178,0 425,3 46,0 70,0 40,0 20,0
182,14 575,21 59,1 103,3 75,5 32,0
197,1 555,29 61,3 103,1 80,0 36,2
147,19 238,56 33,9 53,27 34,14 9,7
159,31 260,68 28,20 73,11 31,7 29,1
142,22 328,70 32,4 70,4 29,21 22,0
108,84 281,319 26,28 29,75 38,44 9,35
24,136 12,278 1,31 1,91 0,40 4,30
192,0 525,3 48,0 70,6 66,0 26,0
190,6 411,1 41,1 78,0 64,0 20,0
178,6 513,5 55,3 92,0 60,0 34,0
187,5 411,3 54,0 82,0 70,0 19,1
182,0 315,13 40,0 49,1 52,0 16,2
194,0 392,10 50,0 82,0 46,0 28,0
82,0 374,0 54,0 72,6 58,2 27,3
185,7 467,1 36,0 54,0 40,0 20,0
125,47 288,16 30,0 64,2 27,9 14,2
146,0 316,2 54,0 82,0 45,1 20,0
190,2 472,8 58,0 103,1 72,2 24,0
127,71 239,217 31,19 64,22 28,24 23,9
7,191 6,528 0,50 0,94 0,58 0,42
29,159 30,312 5,35 9,49 2,48 1,19
186,8 388,0 46,0 62,2 64,2 14,0
181,13 519,27 54,2 90,10 72,0 34,2
143,55 472,102 36,18 85,13 70,8 35,1
155,25 396,38 39,7 85,5 57,9 28,0
130,0 330,14 44,0 65,3 37,3 9,3
163,33 296,80 28,10 71,15 44,8 11,5
174,10 470,8 52,0 65,3 58,0 26,0
183,5 349,15 36,2 67,1 60,0 26,0
15,185 3,371 2,48 2,74 2,54 2,16
176,22 475,69 47,7 79,9 66,8 22,6
162,0 351,7 34,0 68,0 42,0 26,0
185,3 290,0 34,0 44,6 34,0 4,0
171,15 431,23 39,3 72,2 59,1 26,0
196,0 509,7 50,0 82,2 72,0 32,0
23,163 75,307 3,47 11,69 12,62 3,17
181,3 242,8 38,0 80,0 46,0 28,0
196,0 245,3 46,0 65,11 46,0 24,0
131,35 216,102 33,11 70,12 36,24 16,0
200,0 583,5 66,2 113,1 90,0 46,0
150,0 432,2 44,0 55,1 44,0 18,0
194,0 563,9 60,0 94,0 62,0 34,0
167,25 281,11 46,2 66,6 46,0 7,3
176,2 320,2 39,1 73,1 47,3 26,0
11,185 21,497 2,48 1,85 9,63 0,34
161,3 291,1 46,2 51,1 56,0 20,0
141,33 268,36 32,8 62,4 45,11 15,1
196,0 413,5 38,0 58,0 68,0 14,0
196,0 488,12 56,0 88,0 58,0 32,0
184,0 369,19 51,1 76,6 61,3 29,1
189,1 544,2 51,3 106,0 82,0 38,0
147,49 254,90 34,12 56,28 42,18 28,2
173,21 362,22 36,2 50,6 26,0 17,5
189,1 412,6 42,0 84,0 56,0 32,0
154,0 340,4 50,0 80,0 48,2 24,0
111,3 431,1 57,1 90,0 80,0 34,6
178,0 499,9 57,1 89,7 62,4 24,0
72,118 69,333 9,21 32,26 11,33 3,11
188,10 446,4 54,0 85,1 64,0 21,1
170,28 450,92 54,8 85,21 64,4 34,0
168,0 478,2 56,0 97,5 74,0 38,0
192,0 292,4 38,0 48,0 64,0 10,0
164,0 391,9 48,0 90,0 64,0 28,0
169,3 414,0 40,0 40,0 62,0 10,4
154,10 340,34 43,13 60,24 60,10 17,3
167,19 438,22 34,0 56,6 57,3 12,0
128,66 246,190 23,35 41,51 43,19 13,13
162,0 265,3 42,0 70,0 48,0 16,0
192,0 537,15 47,3 93,1 81,1 36,0
147,1 324,0 48,2 60,2 52,2 32,0
183,7 482,16 54,2 90,4 76,0 23,3
191,1 307,7 30,0 36,0 36,0 14,0
198,0 336,0 33,1 58,0 44,0 18,0
182,0 279,1 50,0 62,0 60,0 20,0
188,0 481,3 60,0 100,0 74,0 36,0
189,5 496,2 54,0 76,2 56,0 32,0
194,0 415,1 46,0 88,0 70,0 24,0
194,4 577,9 64,0 96,0 73,3 40,0
186,2 316,20 44,0 65,1 54,0 16,0
180,2 336,2 42,0 70,0 46,0 20,0
198,0 437,3 50,0 89,1 52,0 30,0
146,0 265,11 34,4 48,16 47,7 10,8
192,8 472,6 45,5 94,0 72,0 26,0
99,81 95,147 20,30 9,69 19,37 13,15
180,14 560,2 59,3 94,0 69,1 28,0
30,74 153,227 25,33 38,50 11,53 15,15
172,0 484,0 58,0 34,12 46,0 18,0
35,161 47,465 10,40 3,97 9,47 2,36
13,179 16,422 2,40 0,64 0,50 0,20
180,2 291,11 35,7 48,10 37,5 15,1
139,3 295,3 42,0 44,0 49,1 30,2
192,4 537,3 56,0 102,0 76,0 38,0
190,0 402,4 44,0 68,0 54,0 26,0
95,99 318,186 39,23 80,14 28,36 31,5
20,0 373,13 52,4 79,7 64,0 26,2
10,184 2,350 0,58 4,94 0,76 0,26
188,10 495,9 51,5 97,5 72,0 28,0
190,0 511,23 64,0 85,11 74,2 37,1
165,27 359,5 48,2 80,0 62,0 26,0
192,6 422,0 56,0 86,0 52,0 22,0
161,31 286,18 43,1 75,3 46,2 24,0
127,65 323,45 25,7 53,21 38,4 9,3
151,5 391,7 48,0 46,0 68,0 14,0
196,4 403,9 42,2 78,0 48,0 36,0
187,3 530,4 46,0 99,3 70,0 30,2
197,3 300,12 43,5 78,2 46,8 20,0
198,0 414,4 58,0 102,0 61,1 29,1
10,174 8,264 1,53 5,81 3,57 4,20
2,188 19,507 3,61 3,99 0,72 5,31
197,1 571,3 62,0 110,0 69,13 36,0
181,17 297,3 44,0 68,0 56,0 14,0
11,169 7,335 0,44 1,75 3,41 0,14
196,0 476,26 60,0 98,6 82,2 36,0
121,13 260,34 37,11 70,6 74,0 32,0
188,4 490,20 46,2 98,2 77,1 38,0
111,75 179,137 23,21 25,41 33,19 7,5
99,67 263,97 34,12 40,30 41,17 17,5
163,31 444,10 48,2 90,0 66,0 16,6
152,16 427,1 48,0 76,0 58,0 22,0
159,37 281,51 24,0 51,9 27,21 12,0
197,1 498,4 54,0 82,0 72,0 33,1
198,0 266,4 56,0 90,0 63,1 26,0
197,3 565,11 62,0 99,1 76,2 36,0
186,14 472,70 34,10 81,11 63,7 28,14
54,0 353,1 52,0 84,0 38,12 24,0
171,27 423,29 39,1 87,3 56,0 32,0
185,9 573,3 68,0 104,0 72,0 32,0
152,0 260,0 44,0 84,0 57,7 24,0
172,0 329,1 46,0 74,0 62,0 28,0
193,3 461,17 64,0 108,0 86,0 38,0
197,1 562,6 50,0 100,0 76,0 32,0
168,24 437,79 49,1 76,22 55,23 35,5
194,0 498,2 58,0 92,0 80,0 20,0
190,0 535,9 60,0 108,0 76,0 38,0
138,2 295,5 33,3 74,0 46,2 20,0
29,139 83,261 8,40 13,65 0,70 5,21
194,0 496,8 42,0 92,0 64,0 36,0
179,13 311,3 48,4 80,0 66,0 20,0
199,1 496,6 56,0 98,0 80,0 36,0
190,0 512,18 57,5 89,5 72,2 35,1
164,34 245,49 35,17 66,10 53,11 23,3
188,0 488,2 50,0 90,0 62,0 30,0
194,0 364,2 48,0 84,0 54,0 18,0
194,0 289,35 57,3 70,4 55,7 28,0
171,7 275,27 37,11 74,6 57,5 22,0
19,171 5,441 2,52 1,83 0,68 4,28
184,0 343,1 56,0 101,1 62,0 32,0
186,0 462,6 38,2 78,2 70,0 22,0
195,3 581,3 64,0 98,0 72,0 40,0
190,0 335,3 50,0 70,2 32,0 26,0
154,0 348,2 49,1 54,2 64,0 10,0
87,83 25,197 4,50 18,66 7,67 2,8
134,0 283,1 48,0 84,0 64,0 20,0
18,178 44,512 1,63 0,106 5,71 1,37
172,0 370,8 54,0 70,2 63,3 17,1
57,133 108,284 18,22 26,58 19,39 5,15
177,11 450,4 56,2 92,0 64,0 20,0
186,4 520,10 54,2 94,2 60,0 30,0
68,82 113,241 24,20 22,40 2,46 5,11
168,0 310,18 50,0 55,7 35,17 8,2
10,182 0,290 1,41 0,64 0,40 0,20
31,119 159,353 7,53 7,83 11,69 1,31
174,16 354,10 34,0 64,0 54,4 22,0
27,171 44,432 9,39 7,87 9,53 1,17
151,39 437,7 53,1 80,2 63,3 32,2
110,88 143,309 23,29 55,25 12,44 24,2
191,3 359,7 44,0 81,1 62,0 28,2
194,0 447,5 49,1 81,1 69,1 22,0
70,124 134,362 20,36 24,72 7,39 3,29
177,21 301,51 40,6 83,5 60,4 22,2
153,39 477,13 43,3 96,4 66,6 23,3
143,45 435,63 49,9 88,4 52,12 20,0
198,0 342,2 49,3 68,2 52,0 20,0
189,1 438,26 58,0 95,3 65,7 31,1
179,17 588,12 69,1 114,0 88,0 38,0
168,24 379,167 43,13 87,21 61,23 33,5
152,0 330,2 38,0 51,1 56,0 16,0
188,0 248,16 39,1 57,13 36,10 25,1
198,0 361,1 24,0 66,0 41,3 22,0
120,74 451,109 48,12 86,14 71,9 21,11
191,5 553,7 52,2 99,1 77,1 36,0
124,72 296,282 39,17 65,25 35,41 21,7
181,5 383,55 46,8 72,12 56,2 32,2
198,0 315,5 49,5 75,1 48,0 16,0
167,31 369,43 54,6 90,10 68,2 20,4
190,0 360,8 48,0 72,0 44,0 16,0
175,17 438,24 45,1 86,2 45,1 24,0
129,69 223,279 29,25 65,41 29,51 31,7
183,1 475,17 48,8 57,25 60,2 30,4
189,3 535,5 57,1 104,0 71,7 38,0
190,0 589,9 62,0 91,5 68,2 36,0
164,2 380,6 30,0 44,0 40,0 16,0
187,11 324,38 52,0 92,2 51,3 28,2
198,0 490,0 48,6 98,0 53,5 28,0
200,0 505,3 58,0 68,0 66,0 28,0
189,5 366,4 48,0 68,0 68,0 20,0
152,6 370,14 40,0 48,0 56,0 10,0
193,3 365,49 46,6 74,0 50,14 31,3
31,167 79,485 6,58 29,77 15,61 5,31
185,9 470,4 56,0 90,0 68,0 32,0
192,0 597,3 61,1 104,0 84,0 38,0
184,0 438,10 56,0 86,0 44,0 28,0
87,109 326,270 30,36 36,72 46,36 21,19
190,10 375,11 44,0 90,0 68,0 28,0
188,0 424,2 51,1 87,1 72,0 36,0
146,0 325,1 54,0 78,0 73,9 30,0
196,2 594,2 64,0 106,0 74,0 44,0
196,0 551,5 60,0 98,0 69,3 32,0
183,5 517,1 54,0 72,0 62,0 28,0
17,173 180,366 7,55 7,97 6,66 0,36
194,4 483,3 54,0 94,0 60,0 24,0
186,12 474,46 34,6 61,1 47,3 20,0
196,2 398,18 28,0 39,1 38,0 22,0
184,2 406,14 50,0 86,0 54,0 42,0
164,22 283,91 44,20 71,23 27,35 30,2
145,17 352,38 37,9 55,31 64,6 22,0
191,7 505,7 54,0 54,6 58,0 27,1
194,0 583,3 66,0 105,3 77,1 38,0
196,0 489,11 58,0 104,2 76,0 42,0
194,0 508,12 58,0 100,0 76,0 36,0
177,7 409,1 43,1 76,0 42,0 16,0
197,1 529,7 59,5 105,1 77,3 36,0
198,0 530,2 52,0 94,2 69,3 34,0
186,0 354,0 44,0 54,4 48,4 18,0
177,1 314,8 50,2 92,0 49,7 20,0
156,44 504,72 50,16 91,23 74,12 31,13
149,49 443,151 42,16 91,15 75,5 36,2
169,3 360,0 45,1 70,0 68,0 20,0
44,144 58,286 0,48 0,54 0,52 0,24
194,2 296,4 50,0 76,0 66,0 20,0
188,0 419,1 57,1 89,1 78,0 24,0
187,13 484,28 46,0 95,3 77,9 28,2
179,11 357,5 50,0 78,0 56,0 16,0
174,16 536,48 55,1 97,5 60,22 38,0
171,19 294,80 49,3 62,6 43,7 21,1
190,4 362,26 47,9 75,15 46,20 11,17
195,1 528,0 57,5 102,0 82,0 34,0
182,0 456,2 48,0 64,0 66,2 10,0
161,37 464,100 42,8 65,11 47,11 29,1
190,10 392,6 48,0 48,0 44,2 22,0
64,96 153,125 17,27 10,30 34,22 15,5
140,2 447,1 43,3 60,0 62,2 14,0
6,182 1,365 0,34 0,74 0,50 0,20
187,7 495,19 48,0 91,3 74,0 27,3
200,0 472,8 64,0 104,0 84,0 40,0
191,5 548,0 58,0 102,0 74,0 36,0
5,133 2,448 0,54 0,88 0,62 1,25
192,0 491,3 40,0 93,1 74,2 35,1
66,128 157,185 16,34 28,46 17,35 3,23
136,0 387,15 60,0 98,2 70,0 38,0
194,0 462,6 28,0 42,0 42,0 22,0
183,1 319,11 44,2 76,0 47,3 24,0
192,4 360,0 58,0 84,0 60,0 28,0
2,152 2,406 0,48 2,90 0,56 0,28
31,165 48,396 11,47 5,65 9,55 2,24
172,2 237,63 32,12 46,22 38,10 16,0
122,76 366,204 35,25 78,20 59,27 28,6
198,0 404,0 30,0 70,0 44,8 26,0
14,180 29,493 4,56 3,93 1,67 1,35
184,0 270,0 47,3 68,0 48,0 20,0
195,3 587,7 64,0 104,4 79,7 46,0
20,180 40,504 5,51 7,81 13,57 0,30
172,6 433,35 49,5 72,2 48,6 22,0
194,0 585,1 58,2 101,5 84,0 38,0
190,2 557,5 66,0 103,3 84,0 36,0
24,12 77,295 9,43 16,62 16,40 3,17
190,2 590,2 56,0 106,0 78,0 44,0
162,0 359,9 40,2 72,0 58,0 14,0
190,0 400,2 63,3 95,1 74,0 32,0
99,97 414,100 23,7 39,25 46,14 4,20
198,0 458,2 55,3 88,0 60,0 34,0
184,6 488,6 42,0 95,3 67,3 17,5
167,17 497,17 58,0 90,0 73,1 28,0
89,7 389,1 48,2 82,0 56,0 22,0
137,53 290,102 40,8 36,10 30,12 15,5
164,10 421,7 55,1 45,3 49,1 16,0
195,3 542,6 52,0 100,0 72,0 36,0
189,5 445,1 57,1 106,0 78,0 38,0
184,6 486,34 56,0 92,4 64,6 34,0
187,1 435,11 52,0 94,2 58,2 20,0
200,0 476,10 52,0 95,1 61,1 31,1
148,0 377,5 55,3 80,4 69,1 26,0
198,0 517,5 55,1 82,4 71,1 32,0
102,86 399,127 45,19 72,30 68,8 25,5
113,83 298,58 42,2 69,1 38,0 14,0
197,1 589,3 65,3 109,1 80,0 43,1
101,97 273,333 31,29 34,64 34,50 10,34
179,3 552,4 56,0 102,0 80,0 36,0
141,5 311,9 46,0 67,5 56,0 18,0
174,26 360,10 61,1 88,12 69,5 21,11
194,0 485,33 57,1 88,0 74,0 25,1
162,24 349,3 43,1 64,0 62,4 11,1
169,1 372,38 49,9 39,39 55,11 12,8
166,32 417,61 46,6 69,13 69,5 23,5
175,13 433,79 50,8 83,5 57,11 22,10
190,4 398,0 40,0 59,5 52,0 22,0
192,0 504,4 51,1 84,4 48,0 24,2
178,10 471,23 52,0 90,4 66,2 28,0
194,0 596,6 62,0 106,0 84,0 48,0
77,113 96,306 12,42 14,70 17,53 5,21
180,0 547,3 60,0 92,0 60,0 34,0
17,181 30,382 2,24 7,63 0,50 0,20
189,1 361,5 34,0 34,0 42,0 22,0
80,118 209,361 29,31 41,63 23,57 3,27
128,0 290,2 49,1 82,0 58,0 16,0
184,0 473,1 56,0 98,6 76,0 33,1
192,0 468,4 49,1 82,0 74,0 28,2
85,21 232,162 12,36 30,52 40,24 5,15
178,12 444,8 46,0 86,0 48,0 42,0
161,9 522,14 45,1 71,1 60,0 20,0
187,13 534,4 58,0 85,7 73,3 27,1
133,5 304,10 38,2 68,0 35,3 23,1
27,173 22,352 5,39 5,53 7,43 5,19
56,102 189,129 47,13 56,12 40,8 7,3
48,0 314,0 62,0 89,3 70,0 36,0
162,0 318,6 36,0 62,0 42,0 16,0
196,0 598,6 58,0 110,0 82,0 42,0
188,6 370,14 52,2 69,3 49,3 20,2
147,15 397,83 33,15 35,11 42,10 22,2
192,0 355,3 48,0 105,3 68,0 34,0
196,4 368,0 39,1 66,0 46,0 16,0
172,0 380,4 54,0 81,1 68,0 18,0
13,187 14,512 2,54 2,94 2,78 3,31
192,6 450,38 34,0 61,1 43,3 13,1
180,4 317,15 34,0 78,0 40,0 20,0
130,0 303,11 42,0 66,0 44,2 17,1
162,14 305,63 39,9 49,9 48,10 16,6
190,0 525,1 54,0 72,0 64,0 35,1
190,0 392,6 48,2 76,0 66,0 26,0
196,0 563,7 60,0 94,0 76,0 32,0
193,1 412,6 60,0 91,1 66,4 18,0
190,0 566,2 54,0 97,3 78,0 36,0
189,3 481,21 54,4 84,2 74,0 34,0
144,52 526,54 54,12 69,37 68,6 23,17
174,14 521,9 49,3 94,0 66,0 45,1
146,0 320,8 40,0 96,0 44,0 28,0
196,4 393,23 38,0 46,0 44,0 24,0
167,23 465,27 50,2 65,5 60,6 24,0
182,4 444,0 54,0 73,1 66,0 24,0
188,0 437,1 40,0 68,0 70,0 26,0
176,12 504,6 59,1 89,1 68,2 35,5
176,0 431,9 54,0 84,0 42,0 30,0
198,0 275,3 40,0 62,0 50,0 30,0
178,0 354,2 54,0 64,0 50,0 6,0
167,3 340,2 48,0 65,5 48,0 24,0
51,143 146,412 12,48 24,80 16,64 8,28
198,0 508,10 56,0 92,0 80,0 34,0
153,39 255,79 46,2 90,6 42,6 22,0
16,180 2,570 0,58 0,114 0,86 0,30
54,140 130,334 12,34 21,55 37,25 3,17
93,1 389,3 56,0 64,0 49,1 16,0
188,6 480,12 55,7 83,5 70,4 27,1
0,144 8,328 0,30 0,52 0,58 0,12
194,0 419,1 54,0 70,0 64,0 22,0
167,5 435,3 36,0 60,0 64,0 14,0
200,0 552,4 52,0 90,0 66,0 36,0
11,175 4,426 0,46 0,72 0,46 0,12
196,2 491,13 24,0 69,1 54,0 16,0
91,1 314,2 58,0 75,5 63,1 32,2
196,4 350,0 48,4 80,0 52,0 26,0
193,5 480,106 54,0 96,4 61,11 32,0
105,93 315,223 34,20 58,34 34,38 15,13
190,0 452,10 39,1 66,0 46,0 15,1
176,0 275,3 31,3 63,1 44,0 20,0
185,3 502,4 50,0 84,0 60,0 26,0
198,0 380,8 42,0 78,0 50,0 18,0
187,1 327,5 48,0 70,0 48,0 18,0
192,2 493,33 55,1 66,6 60,0 31,1
191,1 514,2 47,1 100,0 71,3 26,0
176,0 437,5 50,0 66,0 36,0 20,0
184,6 262,10 46,2 68,6 55,1 20,0
194,4 417,1 50,0 72,0 48,0 26,0
192,0 321,3 62,0 83,3 74,0 26,0
136,4 328,2 43,1 40,0 36,0 18,0
199,1 438,16 40,0 54,0 50,0 26,0
160,0 332,18 36,0 38,0 42,0 10,0
91,81 201,87 16,14 7,29 35,23 11,21
179,13 266,14 45,3 81,3 57,1 14,4
192,6 576,0 60,2 114,0 86,0 36,0
165,29 436,10 37,3 78,2 37,5 30,0
193,7 366,6 50,2 86,0 72,0 30,0
180,18 461,13 49,5 94,0 70,2 32,0
185,3 416,0 55,1 68,0 56,0 24,0
118,46 237,125 35,19 53,29 43,25 23,7
163,3 435,1 48,0 64,0 52,0 22,0
31,167 14,346 6,36 1,73 0,52 2,10
190,2 560,0 60,0 108,0 80,4 40,0
65,105 108,282 10,42 1,75 23,39 0,22
192,0 387,13 40,0 68,0 52,0 20,0
179,3 273,17 42,0 47,1 43,3 16,0
128,72 460,74 47,13 53,47 65,13 26,6
184,0 361,1 44,0 98,2 64,2 29,1
49,135 82,408 21,37 49,45 7,61 11,23
140,0 304,4 49,3 57,3 39,1 20,0
198,0 519,9 56,0 96,0 70,0 38,0
7,181 58,404 2,26 1,55 4,46 0,18
184,0 319,5 45,1 64,2 42,0 20,0
193,1 541,3 60,0 96,0 80,0 39,1
188,0 602,0 66,0 109,1 76,6 40,0
195,3 523,3 60,0 96,0 80,0 34,0
187,5 423,7 50,2 84,0 66,0 32,0
186,0 384,2 51,1 74,2 58,0 30,0
200,0 401,3 60,2 98,0 66,0 33,1
190,0 475,5 66,0 104,0 67,1 36,0
54,134 87,219 14,32 13,45 15,35 8,14
160,2 349,1 38,2 53,1 60,0 30,0
190,0 249,7 46,0 80,0 52,0 22,0
175,17 464,14 60,0 98,0 61,3 32,0
2,186 7,363 0,38 0,82 0,54 0,30
23,175 39,451 6,46 2,104 2,62 2,32
189,7 502,0 50,4 98,0 72,4 29,1
196,0 442,6 48,0 72,0 62,0 26,0
28,168 56,256 6,40 4,56 7,49 0,22
178,20 462,12 56,4 80,26 72,6 34,6
100,98 236,280 25,41 52,44 35,45 34,8
192,0 453,3 68,0 94,0 62,0 26,0
190,0 511,11 59,1 111,1 72,2 34,0
11,179 5,533 2,54 0,90 0,68 0,26
185,7 412,20 50,6 52,12 61,1 12,2
161,33 397,63 54,2 87,3 69,1 28,0
191,7 447,1 48,0 86,0 56,0 32,0
191,1 316,2 55,1 55,3 50,0 15,1
198,0 444,2 36,0 58,0 44,0 26,0
193,3 479,7 56,0 94,0 78,0 36,0
162,0 413,11 58,0 88,0 54,4 25,3
179,3 391,21 54,4 61,3 49,1 17,1
187,9 594,0 62,0 108,0 78,0 36,0
144,0 303,3 37,1 77,1 45,1 19,3
159,11 234,62 23,5 38,14 30,12 22,2
176,0 451,1 50,0 82,0 54,0 28,0
195,3 373,7 37,1 42,0 36,0 22,0
185,5 510,0 50,0 84,0 78,0 32,0
78,106 177,267 26,24 28,24 16,40 2,20
144,0 453,1 48,0 93,1 66,0 38,0
148,10 331,7 37,1 72,2 34,0 32,0
176,22 560,12 61,3 81,27 78,2 32,6
179,17 472,2 50,0 78,2 63,1 20,0
134,0 340,2 42,0 88,0 54,0 32,0
196,0 515,9 50,0 94,2 73,3 32,0
138,2 322,6 36,0 52,0 50,0 10,0
171,27 570,12 55,5 106,0 80,0 46,0
193,1 296,0 28,0 58,0 40,0 16,0
172,2 489,1 46,0 68,0 58,0 26,0
25,153 7,275 2,34 0,66 0,40 0,22
155,41 383,9 47,1 46,16 65,1 12,6
190,0 275,1 38,0 68,0 38,0 22,0
187,5 378,14 44,2 81,7 55,9 26,0
176,0 332,22 46,6 70,14 65,5 16,0
153,1 344,2 37,1 66,0 37,7 24,0
95,95 95,211 32,18 29,11 25,15 12,4
117,69 290,32 28,18 34,54 42,12 8,14
194,2 339,33 61,7 89,13 72,8 26,6
156,6 338,12 48,2 74,0 61,1 18,0
187,7 380,2 36,0 64,0 50,0 18,0
178,2 440,8 49,1 82,0 58,0 20,0
182,16 564,2 64,2 106,0 82,0 44,0
183,15 302,0 37,1 68,0 46,0 8,0
192,4 316,52 38,4 68,2 45,1 15,7
99,99 222,298 17,35 70,30 23,39 19,9
198,0 462,8 56,0 96,0 66,0 30,0
182,12 357,49 38,4 57,1 38,6 23,3
117,77 303,61 29,17 50,26 49,11 13,7
181,11 306,24 41,1 42,4 40,2 18,0
190,2 348,6 39,1 58,0 48,0 12,0
194,6 489,21 53,13 93,7 65,3 36,0
6,188 15,321 2,32 3,63 2,46 3,19
198,0 570,6 58,0 100,0 76,0 36,0
182,0 322,2 32,0 77,1 46,0 20,0
199,1 568,4 66,0 106,0 72,0 44,0
104,96 225,201 18,40 19,71 45,11 19,13
196,0 533,7 58,0 102,0 74,0 36,0
14,164 3,393 2,58 2,88 2,54 2,30
180,18 335,63 33,1 54,4 40,0 16,0
182,2 340,4 29,9 55,3 46,0 17,3
194,2 415,9 56,0 86,2 64,2 30,0
198,0 573,9 64,0 106,0 79,5 37,1
196,0 434,2 50,0 92,0 57,1 38,0
190,2 406,6 51,1 66,0 56,0 20,0
9,171 33,319 0,38 0,48 0,38 0,22
181,19 459,21 62,8 93,9 69,7 40,0
198,0 393,17 16,0 57,1 32,0 16,0
192,0 468,10 59,1 89,1 64,0 22,0
168,26 487,39 41,5 82,8 75,7 32,0
36,162 146,244 8,42 13,61 23,31 0,26
179,7 457,3 58,0 88,0 62,0 24,0
193,7 547,11 58,0 112,0 74,0 40,0
132,0 269,1 46,0 84,0 63,1 23,3
187,3 373,3 42,0 60,2 44,0 12,0
19,181 9,205 6,48 2,84 4,72 2,16
9,181 3,477 0,46 3,59 8,44 0,24
155,21 239,99 36,8 62,14 49,9 22,8
99,97 243,149 26,28 40,28 31,17 16,8
192,4 417,7 56,2 92,0 64,6 32,0
191,3 390,8 52,0 97,1 68,2 22,0
198,0 273,5 48,0 75,1 44,0 26,0
188,4 288,0 44,0 72,0 54,0 26,0
198,0 581,1 62,0 111,3 80,0 35,1
11,141 2,312 0,48 0,58 0,36 0,22
198,0 506,22 56,4 105,1 74,0 31,1
174,20 316,50 51,5 81,5 42,10 16,0
13,185 5,325 2,52 2,82 1,79 1,25
194,0 491,5 56,0 84,0 68,0 38,0
188,0 392,16 46,0 86,4 49,3 30,0
167,23 351,37 41,1 78,4 42,4 30,0
198,0 391,1 42,2 60,0 56,0 22,0
197,3 491,5 70,0 114,0 88,0 46,0
191,3 458,0 58,0 68,2 62,2 24,0
198,0 387,1 62,0 80,0 62,0 26,0
192,8 344,6 52,0 80,0 56,0 28,0
172,0 316,22 42,2 83,1 54,4 22,0
70,84 68,254 13,23 20,44 18,34 13,13
123,11 327,5 52,0 83,7 44,10 26,0
187,3 353,1 46,0 86,0 52,0 22,2
190,2 303,5 31,1 66,0 46,0 22,0
168,0 275,13 42,0 60,0 58,0 30,0
3,187 6,334 0,48 0,50 0,46 0,24
10,188 4,536 1,61 0,106 0,78 0,32
191,1 512,14 50,4 107,5 74,0 28,0
188,0 402,6 31,3 46,4 29,1 18,2
192,6 413,1 44,0 98,0 56,0 28,0
189,9 527,3 64,0 90,0 76,0 36,0
184,0 284,2 48,0 84,0 56,0 14,0
54,130 179,315 22,18 65,31 25,41 20,8
110,82 196,192 24,20 48,44 19,37 13,3
190,0 443,19 49,1 86,4 59,3 40,2
181,5 485,1 40,0 46,0 50,0 24,0
175,19 578,4 57,3 105,5 72,0 40,0
156,6 295,1 32,0 50,0 53,1 18,0
21,177 69,441 0,56 29,71 6,64 0,32
192,2 518,0 52,2 95,1 58,0 38,0
186,0 528,10 54,0 91,1 70,0 40,0
121,71 311,203 44,10 64,38 44,32 37,5
191,7 536,2 60,0 80,0 70,0 34,0
160,6 426,0 48,0 84,0 54,0 28,0
187,3 426,16 58,0 85,1 64,0 30,0
186,0 361,3 44,0 58,0 46,0 24,0
51,143 43,513 2,58 6,82 5,59 5,31
175,13 245,49 33,17 48,18 31,23 11,7
194,6 521,25 56,0 94,0 82,2 35,1
194,4 248,4 59,1 88,0 75,1 32,0
196,2 484,2 67,1 98,0 66,0 34,0
159,5 431,1 40,4 56,2 56,0 10,0
131,1 350,0 46,0 56,0 54,0 8,4
147,41 430,52 33,3 89,9 40,4 22,2
186,4 463,5 42,0 66,0 66,0 34,0
184,0 354,2 38,0 62,0 34,2 12,0
190,0 450,2 53,3 90,0 72,0 30,0
195,5 517,9 61,1 106,0 82,0 30,0
164,0 490,2 49,1 61,1 56,0 32,0
188,0 266,0 42,2 51,1 43,5 18,0
134,64 332,140 41,19 67,27 44,12 28,4
186,12 446,36 44,10 92,8 60,10 27,1
167,1 369,5 44,0 50,0 46,0 16,0
176,24 348,52 52,12 85,23 72,18 39,1
176,0 336,2 42,0 79,1 68,0 21,1
13,181 3,397 2,50 3,75 2,60 2,22
179,5 478,2 50,0 90,0 60,0 30,0
192,4 490,48 41,5 74,8 45,21 28,0
12,188 21,335 0,72 0,90 0,70 0,30
26,166 61,465 7,45 2,92 1,71 3,35
198,0 376,12 34,0 54,0 64,0 16,0
190,2 491,3 48,0 93,1 60,0 34,0
197,1 247,31 29,1 68,0 26,0 16,0
195,3 482,14 49,1 85,1 55,7 28,0
185,7 494,0 42,0 72,0 58,0 20,0
184,4 432,8 56,0 91,3 67,7 25,1
10,90 14,364 0,56 0,76 0,62 0,20
179,7 446,12 52,2 94,0 70,0 31,1
181,9 413,17 47,15 92,6 70,0 22,0
179,3 428,2 44,0 74,0 62,0 16,0
183,1 314,0 28,0 64,0 44,0 14,0
192,0 251,1 58,0 73,7 56,0 26,0
191,1 604,4 62,0 112,0 82,0 32,0
182,0 466,4 58,0 86,0 74,0 28,0
187,1 411,1 58,0 96,0 64,0 30,0
197,3 556,0 58,4 94,0 66,0 40,0
128,66 303,197 37,17 73,17 50,12 28,8
193,3 565,5 66,0 101,1 78,0 34,0
184,0 343,3 42,0 50,0 48,0 16,0
44,152 59,453 9,47 6,72 7,63 11,15
179,21 550,10 48,4 89,5 66,0 23,3
99,89 111,251 24,20 19,41 7,39 16,10
198,0 359,13 52,0 90,0 80,0 34,0
169,21 236,128 26,0 38,16 19,23 14,0
186,10 547,1 51,3 96,0 86,0 29,1
190,4 423,1 48,0 74,0 62,0 24,0
117,67 98,144 21,25 29,51 24,36 8,14
156,0 334,6 48,0 80,0 62,0 20,0
178,0 272,0 44,0 75,5 44,0 16,0
164,6 295,37 45,11 57,19 25,11 23,3
74,122 120,388 10,54 18,62 18,50 13,15
194,6 436,2 42,0 72,0 56,0 20,0
173,13 483,29 53,7 90,10 70,2 30,0
191,3 484,0 46,0 84,0 58,0 26,0
59,137 106,288 17,29 43,53 13,45 1,21
161,39 369,65 35,15 81,7 57,5 22,4
194,4 482,2 56,0 88,2 64,0 36,0
180,0 394,4 50,0 63,1 62,0 29,1
198,0 479,11 60,0 98,0 64,0 24,0
181,1 572,4 62,0 89,1 80,0 38,4
138,0 302,0 54,0 62,0 58,0 19,1
196,0 568,0 60,0 106,0 71,3 32,0
186,4 521,5 53,7 98,0 72,0 28,0
187,1 329,3 36,0 68,0 40,0 18,0
195,1 486,8 54,0 85,1 58,2 30,0
161,25 409,11 49,3 85,1 55,1 27,3
77,69 226,64 29,11 50,12 51,3 5,5
189,3 355,19 16,4 46,14 28,0 21,3
132,0 320,2 49,3 87,3 46,2 12,0
186,4 479,1 48,0 88,0 68,0 36,0
102,86 410,166 38,28 73,35 62,20 26,16
135,65 428,86 50,12 56,34 55,21 18,14
170,14 261,11 36,4 46,10 50,4 24,0
146,0 342,12 38,0 64,0 34,0 16,0
16,178 3,343 0,40 0,56 0,36 0,16
194,0 347,25 40,0 56,10 44,4 24,0
110,10 172,200 3,45 5,77 5,45 6,16
192,0 485,5 54,0 84,8 65,1 28,0
198,0 553,3 52,2 105,1 76,0 26,2
166,0 295,1 52,0 73,5 62,0 28,0
190,2 258,20 40,0 45,1 44,0 16,0
22,170 16,520 2,52 6,90 0,74 4,22
168,30 418,24 49,7 76,8 70,2 22,6
190,0 380,0 46,0 52,0 47,1 8,0
196,0 567,11 60,0 86,0 82,0 28,2
187,1 374,2 32,0 54,0 38,0 12,0
185,5 442,0 58,0 96,0 68,0 32,0
113,85 99,223 17,15 20,28 12,26 4,16
185,3 373,7 57,1 79,1 64,0 20,0
185,5 552,16 52,2 88,2 71,3 35,3
196,0 570,0 53,1 95,5 71,1 32,0
74,124 50,432 8,54 26,82 5,81 3,33
51,111 67,223 5,47 12,76 4,56 5,11
9,187 14,558 0,52 0,100 1,87 1,29
196,0 326,4 50,0 84,0 55,1 22,0
174,12 533,1 48,4 94,4 74,0 38,0
181,17 430,0 52,0 84,0 60,0 24,0
193,3 368,0 50,0 46,0 56,0 6,0
119,45 237,219 22,26 34,16 26,18 11,5
30,170 40,526 3,63 6,92 5,71 6,32
193,5 538,6 60,0 95,1 72,2 34,0
198,0 542,24 62,4 74,8 74,4 41,1
185,5 330,0 42,0 62,0 26,0 12,0
199,1 608,0 68,0 108,0 80,8 44,0
143,1 410,4 53,1 80,0 68,0 32,0
190,8 506,64 57,1 96,14 65,11 31,3
10,106 1,375 0,52 0,86 0,68 2,18
179,7 462,2 53,1 98,0 66,0 30,0
184,10 359,7 50,0 82,0 62,0 14,0
191,3 583,1 64,0 83,3 83,1 34,0
177,1 264,0 48,0 76,0 54,0 16,0
199,1 331,1 42,0 64,0 39,1 12,0
142,0 367,3 46,0 74,0 48,0 23,5
29,39 108,314 5,53 9,79 14,44 3,23
173,3 332,0 42,0 44,0 44,0 8,0
191,5 352,2 46,0 76,0 58,0 18,0
187,9 559,1 52,0 80,0 72,0 28,0
191,7 501,5 61,1 97,3 72,0 34,0
198,0 510,0 52,10 99,1 74,0 34,0
194,0 407,3 40,0 54,0 54,0 20,0
31,91 23,241 5,59 9,89 1,77 10,20
198,0 424,8 62,0 106,0 78,0 36,0
200,0 398,4 62,0 110,0 78,0 32,0
192,6 546,12 66,2 105,5 72,2 37,3
15,179 3,345 0,34 0,50 0,52 0,18
194,4 600,2 64,0 114,0 79,5 42,0
195,1 488,10 50,0 86,4 57,1 27,1
196,0 466,0 52,0 81,5 70,0 30,0
129,21 236,70 33,7 61,11 54,6 20,0
163,33 414,54 37,15 68,10 52,6 28,0
185,15 539,29 56,4 96,0 86,0 38,0
192,0 330,8 38,0 66,0 46,0 20,0
199,1 340,6 34,0 52,0 40,0 12,0
9,151 3,373 1,43 0,42 2,36 0,14
146,4 326,6 42,2 64,6 46,0 12,2
178,0 381,15 48,4 80,2 49,7 32,0
148,2 238,62 31,9 48,20 35,11 11,3
191,5 452,0 58,0 98,0 78,0 25,1
198,0 612,2 64,0 108,2 82,0 43,1
184,0 319,19 67,1 90,2 76,0 36,0
115,1 409,5 52,0 76,0 54,2 30,0
128,0 342,2 38,0 75,1 59,1 30,0
198,0 566,6 64,0 112,0 84,0 40,0
188,8 560,14 56,8 106,0 81,1 32,0
177,1 350,10 50,0 62,0 52,0 20,0
184,6 416,0 70,0 106,0 88,0 40,0
190,2 522,0 48,0 82,0 70,0 32,0
194,0 429,1 56,0 82,0 48,0 17,5
190,0 502,4 57,1 90,0 68,0 36,0
198,0 582,0 58,0 102,0 77,3 46,0
