PNW NE WEU CEU NEU
159,1 65,3 20,0 22,0 10,0
162,0 75,1 18,0 22,0 14,0
114,42 67,9 12,8 22,2 10,4
158,0 76,0 20,0 24,0 13,1
158,4 75,1 19,1 23,1 14,0
160,0 62,0 18,2 24,0 14,0
84,78 23,53 12,8 10,14 4,10
137,17 67,1 19,1 14,0 14,0
48,114 21,51 6,12 6,18 2,10
148,6 74,0 16,0 22,0 14,0
162,0 76,0 19,1 23,1 14,0
80,82 32,32 6,14 9,15 7,5
146,12 66,0 14,0 24,0 14,0
162,0 71,1 19,1 22,0 14,0
77,75 56,16 8,10 10,10 8,4
152,0 64,4 18,2 20,2 12,0
32,122 22,46 4,16 3,17 4,10
68,92 28,44 5,15 6,16 1,11
0,158 0,72 1,19 2,18 0,14
103,59 67,3 13,1 13,1 12,0
70,78 33,35 6,14 7,17 5,9
160,0 68,0 16,0 22,0 11,3
158,0 71,1 14,0 18,0 8,0
159,3 76,0 18,0 24,0 14,0
160,0 71,5 20,0 21,1 14,0
152,8 66,0 15,1 22,0 8,0
156,6 72,0 20,0 18,0 14,0
97,63 59,11 13,5 23,1 12,2
153,7 76,0 15,1 20,0 14,0
151,5 70,0 14,0 18,0 14,0
160,0 70,2 20,0 24,0 14,0
146,2 68,0 19,1 20,0 14,0
160,0 76,0 18,2 24,0 14,0
158,4 63,1 18,0 18,2 12,0
153,9 72,4 19,1 23,1 12,2
158,2 67,1 16,0 19,1 12,0
162,0 70,0 20,0 17,1 12,0
162,0 58,0 20,0 24,0 13,1
158,2 74,0 19,1 24,0 14,0
161,1 75,1 20,0 24,0 12,0
70,90 22,50 6,14 12,12 4,10
156,0 73,1 18,0 24,0 14,0
108,54 51,9 13,7 16,8 14,0
160,2 76,0 19,1 22,0 14,0
156,4 24,42 10,10 13,11 3,11
4,152 2,66 0,20 0,24 1,13
4,150 5,59 2,18 4,18 1,13
78,84 35,39 6,14 12,12 7,7
159,1 49,5 19,1 21,1 11,1
0,162 3,63 0,18 0,24 0,10
138,10 72,0 18,0 24,0 12,0
144,0 73,3 20,0 24,0 14,0
146,0 75,1 20,0 22,0 14,0
161,1 70,0 20,0 22,0 13,1
162,0 65,1 18,2 24,0 14,0
150,12 74,0 20,0 22,0 14,0
161,1 63,1 19,1 24,0 13,1
112,48 19,45 10,10 16,4 2,12
159,3 71,5 20,0 24,0 14,0
156,2 71,1 20,0 24,0 12,0
151,3 68,2 16,2 24,0 12,0
116,36 55,17 19,1 15,5 13,1
11,149 0,66 0,14 0,18 0,12
103,59 34,24 11,9 17,7 11,1
161,1 73,1 19,1 24,0 14,0
160,2 72,0 19,1 20,0 13,1
14,142 5,67 4,16 6,18 2,10
162,0 75,1 20,0 24,0 14,0
151,3 62,4 18,2 18,0 12,0
143,5 75,1 20,0 24,0 14,0
1,151 0,76 0,18 0,24 0,12
112,50 52,10 15,5 20,2 9,3
144,18 58,10 20,0 20,2 9,3
144,18 62,12 15,1 23,1 10,2
135,7 74,0 19,1 24,0 14,0
160,2 74,0 20,0 24,0 14,0
162,0 73,1 20,0 24,0 14,0
75,85 39,37 10,10 12,12 8,4
152,0 62,4 18,0 22,0 14,0
158,2 70,0 18,0 24,0 14,0
157,1 62,6 19,1 21,1 12,0
160,2 76,0 18,0 19,1 12,0
158,4 74,0 18,0 24,0 14,0
160,0 69,1 18,0 24,0 14,0
160,0 74,2 20,0 22,0 14,0
156,0 69,1 18,0 14,0 14,0
156,6 65,9 18,0 22,0 12,2
122,40 71,5 15,5 21,1 14,0
149,7 75,1 20,0 24,0 14,0
159,3 61,1 18,0 24,0 14,0
135,27 69,1 17,1 22,0 14,0
161,1 70,2 20,0 24,0 14,0
154,2 64,6 15,1 17,1 12,0
126,20 54,16 13,7 15,9 11,3
133,29 75,1 14,6 23,1 13,1
109,53 57,19 14,4 22,2 13,1
87,67 56,14 14,4 14,4 11,1
157,5 76,0 18,0 24,0 14,0
161,1 71,3 19,1 23,1 14,0
160,0 67,3 18,0 24,0 14,0
126,32 49,15 10,4 15,5 11,1
160,0 68,8 17,3 21,3 14,0
150,10 73,1 20,0 24,0 12,2
160,0 71,1 20,0 18,0 12,0
160,0 74,2 19,1 20,0 13,1
162,0 65,1 12,0 22,0 10,0
154,6 66,2 13,5 24,0 9,1
97,65 60,12 14,6 20,4 12,2
159,1 74,0 20,0 21,1 14,0
158,0 70,6 20,0 23,1 14,0
151,7 75,1 20,0 24,0 14,0
161,1 72,2 20,0 24,0 12,0
148,14 71,5 17,3 22,0 10,0
131,29 69,5 16,4 24,0 14,0
157,5 76,0 18,0 24,0 12,0
155,7 76,0 19,1 23,1 14,0
160,0 76,0 20,0 24,0 13,1
160,0 71,3 20,0 22,0 14,0
0,162 3,73 0,20 1,23 0,14
156,2 69,1 18,0 22,0 14,0
156,0 65,3 20,0 20,0 12,0
162,0 70,2 20,0 24,0 14,0
144,18 55,21 15,5 21,3 11,3
0,162 5,71 3,17 2,22 1,13
157,5 53,19 19,1 22,2 12,2
162,0 60,0 17,1 22,0 14,0
156,2 65,1 16,0 24,0 12,0
162,0 68,2 17,1 21,1 14,0
151,11 70,6 19,1 21,1 11,3
158,4 72,4 18,2 20,4 12,2
160,0 74,0 20,0 21,1 14,0
152,10 63,1 16,0 20,0 8,0
153,5 60,0 20,0 22,0 14,0
161,1 68,2 20,0 18,2 14,0
117,45 52,24 9,11 15,9 12,2
162,0 70,0 18,0 23,1 14,0
161,1 59,7 19,1 20,0 13,1
160,0 70,0 19,1 18,2 12,2
154,0 73,1 20,0 24,0 14,0
160,0 73,3 18,0 20,2 9,5
160,2 75,1 20,0 24,0 14,0
156,2 67,1 19,1 20,0 14,0
157,1 68,0 20,0 14,0 12,0
159,1 65,11 18,2 22,0 14,0
156,6 72,0 18,2 24,0 14,0
162,0 60,4 20,0 18,0 12,0
153,9 75,1 19,1 24,0 14,0
0,156 1,75 0,20 0,20 0,12
162,0 73,3 20,0 22,2 11,3
71,89 39,37 7,13 9,11 6,8
153,9 72,4 16,4 24,0 14,0
37,123 30,46 7,13 8,16 1,13
141,19 72,2 18,2 16,2 14,0
121,35 51,17 15,5 15,5 8,6
162,0 73,1 18,0 23,1 14,0
0,162 1,67 0,20 0,24 0,14
152,10 51,23 15,5 17,7 4,10
3,159 3,67 0,20 1,23 2,12
158,2 73,1 19,1 22,0 13,1
161,1 72,0 20,0 24,0 14,0
111,33 71,3 13,3 24,0 12,0
27,135 2,74 3,17 0,24 0,14
158,0 66,8 13,1 18,0 12,2
148,0 66,0 19,1 22,0 14,0
149,1 71,1 18,0 24,0 14,0
140,0 70,4 20,0 22,0 13,1
154,0 67,1 20,0 22,0 14,0
160,0 74,0 20,0 20,0 13,1
160,2 73,1 20,0 24,0 14,0
152,10 76,0 20,0 20,0 12,0
39,119 7,55 5,15 10,12 4,10
162,0 68,0 19,1 21,1 12,0
78,80 26,46 6,12 9,13 9,5
157,1 75,1 19,1 24,0 14,0
0,154 5,71 0,20 0,24 0,14
147,11 58,0 20,0 22,0 12,0
156,6 69,1 18,0 24,0 14,0
149,11 72,0 19,1 24,0 14,0
160,0 73,3 20,0 22,0 14,0
160,2 72,2 20,0 23,1 12,0
153,9 60,2 18,0 22,0 11,1
138,20 48,24 16,4 19,3 9,5
142,20 76,0 19,1 24,0 14,0
133,9 55,15 16,4 15,7 10,4
113,49 35,31 12,8 19,5 10,4
2,154 1,69 0,20 0,24 0,14
162,0 71,1 18,0 23,1 12,0
162,0 71,1 20,0 24,0 14,0
14,148 4,72 5,15 3,17 3,11
153,9 67,9 20,0 24,0 12,2
153,9 73,3 20,0 24,0 13,1
162,0 62,4 14,0 12,4 10,0
115,47 41,33 13,7 18,6 8,4
155,7 64,2 20,0 22,0 9,1
162,0 75,1 20,0 18,0 14,0
154,4 64,10 12,6 13,7 12,2
162,0 73,1 20,0 24,0 14,0
7,153 2,74 0,20 0,24 3,11
158,4 70,6 20,0 24,0 13,1
156,6 68,0 18,2 22,0 14,0
11,151 8,52 2,18 3,17 6,8
162,0 74,0 18,0 20,4 14,0
162,0 62,0 17,1 17,1 12,0
107,55 60,14 14,6 16,8 7,7
139,23 72,2 19,1 20,0 12,2
137,15 58,10 16,4 16,8 13,1
162,0 71,1 18,2 21,3 14,0
158,4 70,6 20,0 24,0 14,0
162,0 61,1 20,0 24,0 12,0
156,4 68,4 20,0 24,0 14,0
104,52 56,12 14,6 16,6 10,0
97,65 41,33 13,7 19,5 6,8
159,1 74,0 18,2 24,0 14,0
0,160 4,70 2,18 0,24 0,14
90,72 35,41 9,11 15,9 6,8
153,1 74,0 20,0 24,0 14,0
161,1 68,0 20,0 22,0 12,0
143,7 61,9 20,0 21,1 9,1
122,30 56,12 16,2 23,1 10,2
123,37 64,4 17,3 20,4 14,0
162,0 69,3 20,0 20,0 12,2
141,21 73,3 17,1 20,0 12,2
160,2 55,9 16,0 24,0 12,0
36,126 6,68 3,17 1,23 1,13
154,0 74,0 19,1 24,0 14,0
44,118 24,52 8,12 10,14 4,10
160,0 69,3 18,0 24,0 12,0
162,0 76,0 20,0 24,0 11,1
10,148 7,63 0,16 1,19 0,14
154,0 65,1 18,0 20,0 12,0
161,1 62,0 18,0 16,0 12,0
161,1 72,0 20,0 18,0 14,0
156,2 62,0 20,0 15,1 14,0
147,1 75,1 19,1 24,0 12,0
0,160 4,68 0,20 0,24 0,12
162,0 59,1 19,1 24,0 12,0
128,34 67,1 19,1 19,1 12,0
148,0 74,2 20,0 24,0 12,0
159,1 71,1 19,1 22,0 14,0
153,5 60,4 18,2 22,0 13,1
112,50 47,25 12,6 20,2 9,5
126,36 53,23 16,4 17,7 9,5
144,8 64,0 20,0 24,0 14,0
156,0 75,1 20,0 24,0 14,0
0,162 1,75 0,20 4,20 0,14
155,5 60,2 16,2 19,1 14,0
159,1 75,1 19,1 24,0 12,2
162,0 76,0 20,0 21,1 14,0
110,52 67,5 17,3 19,1 11,1
126,36 48,26 10,4 15,7 13,1
162,0 76,0 20,0 22,2 14,0
159,3 70,4 18,2 24,0 14,0
162,0 72,2 18,2 23,1 14,0
162,0 72,0 20,0 19,3 14,0
162,0 66,0 20,0 18,2 14,0
109,49 65,9 12,8 18,6 11,3
108,52 58,10 17,3 14,6 11,1
152,0 66,4 20,0 14,0 14,0
160,2 70,0 20,0 20,0 14,0
160,2 66,0 18,0 17,1 10,0
156,2 59,1 18,2 22,0 14,0
0,154 1,69 0,20 0,22 0,14
152,0 67,1 20,0 16,0 12,0
122,40 37,39 13,7 16,6 8,6
4,148 7,57 3,17 1,19 1,13
43,115 9,63 6,12 3,19 2,12
151,11 74,0 20,0 24,0 14,0
158,0 71,1 18,0 23,1 12,0
158,4 64,0 20,0 20,0 14,0
138,24 45,29 11,7 12,6 12,2
3,159 0,74 0,20 0,16 0,12
42,118 9,57 2,14 8,14 3,11
160,2 69,1 19,1 19,1 14,0
155,7 70,0 14,0 16,0 14,0
158,4 64,0 20,0 22,0 14,0
0,162 1,55 0,20 0,24 0,14
76,86 61,11 11,9 10,12 14,0
0,162 0,76 1,19 0,24 0,14
142,2 74,0 20,0 18,0 14,0
113,49 44,32 16,4 17,5 2,10
159,1 73,1 20,0 24,0 14,0
159,3 57,1 20,0 20,0 9,1
136,6 70,4 20,0 20,0 14,0
150,12 73,3 20,0 24,0 12,0
160,2 62,2 16,0 16,0 12,0
141,17 66,8 20,0 21,3 13,1
131,31 35,17 18,2 11,11 8,4
126,34 64,12 17,3 19,3 12,2
156,0 73,1 20,0 24,0 14,0
162,0 70,0 16,0 22,2 12,0
160,0 69,1 20,0 22,0 14,0
162,0 69,1 18,0 22,0 14,0
162,0 70,2 19,1 20,2 9,1
157,5 71,5 20,0 22,2 14,0
151,3 67,1 19,1 21,1 14,0
9,149 0,76 0,20 0,22 0,14
162,0 65,5 17,1 24,0 12,0
154,0 68,0 18,0 19,1 14,0
75,87 31,45 9,11 11,13 3,11
140,22 75,1 17,3 24,0 14,0
144,18 70,4 19,1 21,3 14,0
135,27 68,4 10,8 14,10 14,0
161,1 68,2 18,0 18,0 14,0
151,11 75,1 19,1 21,3 14,0
139,21 66,6 18,0 21,3 12,2
162,0 69,5 20,0 23,1 14,0
146,4 75,1 20,0 24,0 14,0
63,99 34,36 9,7 3,13 4,10
157,5 57,13 19,1 22,2 12,2
2,160 2,66 0,20 1,21 0,12
49,113 3,67 0,20 1,15 0,12
160,0 71,1 18,0 14,0 8,0
150,12 73,1 17,3 16,0 14,0
146,0 55,21 17,1 15,5 8,4
162,0 67,1 20,0 24,0 14,0
104,58 53,17 12,8 15,9 12,2
4,156 0,72 0,20 0,24 2,12
41,111 5,59 4,16 7,13 3,9
153,1 64,2 20,0 16,0 14,0
1,161 2,70 1,19 0,24 0,12
150,12 64,8 14,4 19,1 14,0
129,33 57,5 14,6 20,2 12,2
160,0 74,2 16,0 20,0 14,0
159,1 73,1 20,0 23,1 14,0
69,93 25,49 10,10 4,16 8,6
134,28 59,9 16,0 18,2 10,2
162,0 65,1 16,0 20,0 12,0
155,5 68,2 18,2 18,0 14,0
150,12 70,6 20,0 24,0 14,0
65,97 44,24 14,6 14,4 10,4
153,3 70,0 18,0 17,1 12,0
156,0 70,0 20,0 24,0 13,1
162,0 73,3 20,0 23,1 14,0
160,0 66,2 20,0 24,0 13,1
139,23 70,2 18,0 22,0 14,0
100,58 70,4 14,4 23,1 11,1
150,0 64,4 20,0 16,0 14,0
162,0 71,1 20,0 24,0 12,0
23,139 27,45 10,10 8,14 6,6
5,157 6,70 1,19 1,23 1,13
161,1 74,0 17,1 24,0 14,0
38,116 28,44 8,12 4,18 4,8
156,0 42,30 11,9 8,8 5,5
162,0 72,2 20,0 24,0 11,3
94,68 41,33 13,7 15,7 6,4
162,0 66,0 16,2 20,0 14,0
160,2 74,0 20,0 24,0 14,0
161,1 67,5 20,0 24,0 14,0
160,2 75,1 20,0 21,1 14,0
139,23 76,0 20,0 21,1 14,0
138,8 57,7 20,0 24,0 14,0
142,12 74,0 18,0 18,0 14,0
162,0 66,2 16,0 22,0 8,0
162,0 64,4 17,1 22,0 14,0
157,5 76,0 18,2 23,1 14,0
146,2 70,0 18,0 19,1 14,0
9,151 0,66 4,16 0,22 0,14
153,3 70,2 20,0 22,2 13,1
162,0 59,3 16,2 19,5 11,3
161,1 71,1 17,3 23,1 14,0
147,5 30,38 12,8 13,9 3,11
158,4 72,4 20,0 24,0 10,4
160,2 72,0 20,0 20,0 14,0
154,4 73,1 14,4 22,0 14,0
144,18 74,0 18,2 16,0 14,0
160,2 75,1 20,0 22,0 14,0
162,0 75,1 20,0 24,0 14,0
145,3 68,2 13,1 22,0 13,1
160,2 74,2 19,1 24,0 14,0
162,0 67,3 19,1 22,0 14,0
162,0 71,5 20,0 24,0 12,2
160,2 64,6 18,0 20,0 14,0
134,8 70,2 17,1 16,8 14,0
4,158 1,65 0,20 0,22 0,12
162,0 60,2 20,0 20,0 14,0
95,67 47,23 8,6 7,11 8,6
159,3 72,4 20,0 24,0 14,0
47,113 26,46 4,14 8,16 1,13
162,0 71,1 16,0 18,0 12,0
156,6 65,1 18,0 24,0 14,0
9,151 4,70 4,12 1,19 0,14
162,0 75,1 19,1 21,1 14,0
95,67 33,41 8,12 15,7 6,8
147,1 72,0 17,3 22,0 13,1
115,31 56,12 14,6 23,1 10,4
157,5 66,6 15,5 19,3 11,3
161,1 70,0 20,0 20,0 13,1
162,0 60,0 16,0 18,0 10,2
154,0 68,0 15,3 19,1 14,0
144,12 70,2 18,0 18,0 12,0
162,0 74,2 20,0 24,0 14,0
156,2 70,0 18,0 16,0 10,2
162,0 65,5 17,1 21,1 14,0
160,2 69,3 16,0 22,0 10,0
160,0 70,0 19,1 22,0 14,0
152,2 69,1 17,1 22,0 12,0
155,5 76,0 20,0 24,0 14,0
160,0 67,5 10,0 17,1 8,0
99,53 60,14 18,2 22,2 13,1
99,61 36,40 8,12 11,13 6,8
143,5 72,2 18,0 20,0 14,0
162,0 73,1 20,0 24,0 14,0
155,3 72,0 19,1 24,0 12,0
158,0 71,1 12,0 24,0 10,0
66,96 28,36 6,12 5,15 5,9
144,0 71,3 15,5 16,8 14,0
73,85 36,38 8,10 11,13 6,8
154,0 76,0 20,0 23,1 14,0
154,4 76,0 20,0 18,0 14,0
155,7 62,0 20,0 24,0 14,0
162,0 71,3 18,2 21,1 14,0
153,7 72,0 19,1 22,0 14,0
160,2 70,0 18,2 24,0 14,0
135,27 68,4 19,1 17,3 14,0
160,0 72,2 20,0 22,0 14,0
154,8 65,5 18,0 22,0 14,0
150,4 64,0 18,0 24,0 14,0
149,1 72,2 16,2 22,0 14,0
151,11 52,0 20,0 24,0 14,0
159,1 62,0 19,1 24,0 14,0
36,126 16,58 1,19 3,21 5,9
119,43 57,11 16,2 13,1 10,4
156,2 66,6 19,1 15,3 10,0
26,136 13,63 3,17 4,20 3,11
7,149 1,71 3,15 0,20 0,14
160,0 64,0 16,0 22,0 13,1
154,0 74,2 16,4 20,0 14,0
162,0 67,1 20,0 24,0 14,0
158,0 65,3 20,0 22,0 14,0
148,0 68,0 17,1 22,0 14,0
142,4 72,0 18,0 20,0 12,0
162,0 76,0 18,2 20,2 12,2
47,113 42,30 6,12 10,14 12,2
86,76 40,16 13,5 13,9 9,5
152,0 68,2 20,0 22,0 12,0
160,0 52,2 20,0 22,0 14,0
57,103 20,50 5,9 6,14 8,6
162,0 67,1 20,0 22,0 14,0
146,0 73,1 20,0 24,0 14,0
156,0 64,2 20,0 19,1 14,0
5,153 3,73 0,18 0,22 0,14
162,0 76,0 20,0 23,1 14,0
162,0 74,0 20,0 21,1 14,0
152,10 67,1 19,1 22,2 11,1
161,1 69,1 20,0 22,0 14,0
152,8 63,5 18,2 15,1 10,2
160,0 66,2 20,0 24,0 14,0
154,0 60,2 18,2 24,0 13,1
161,1 72,2 18,0 24,0 14,0
159,3 50,0 20,0 24,0 13,1
40,118 2,74 1,19 1,23 3,11
161,1 73,3 18,0 24,0 14,0
158,2 73,3 20,0 23,1 14,0
149,13 26,50 11,9 14,10 3,9
0,160 1,71 0,20 0,24 0,12
162,0 71,1 20,0 19,1 9,5
151,11 74,2 16,4 20,0 14,0
162,0 71,1 20,0 22,0 14,0
54,104 44,26 9,7 10,14 8,6
160,0 74,2 20,0 24,0 12,0
162,0 64,2 20,0 24,0 14,0
162,0 69,1 20,0 24,0 11,3
145,1 70,0 17,1 20,0 13,1
162,0 61,1 18,0 22,0 14,0
162,0 72,0 20,0 24,0 13,1
111,45 46,30 8,12 16,8 6,8
152,0 70,2 20,0 13,1 12,2
160,2 76,0 20,0 24,0 14,0
159,3 76,0 20,0 20,0 14,0
156,6 56,18 19,1 20,4 9,5
162,0 69,1 18,0 24,0 13,1
161,1 76,0 18,0 24,0 14,0
162,0 69,5 19,1 16,6 13,1
162,0 75,1 20,0 24,0 14,0
162,0 76,0 16,2 23,1 14,0
52,108 14,54 8,12 0,16 0,14
162,0 64,6 17,3 22,0 14,0
148,14 72,0 20,0 20,0 14,0
25,137 2,70 2,18 1,21 1,13
90,64 34,30 13,7 17,7 2,12
150,0 69,1 20,0 22,0 12,0
162,0 73,1 20,0 23,1 14,0
146,0 69,1 20,0 22,0 14,0
162,0 61,1 20,0 24,0 12,0
152,10 62,0 16,0 16,0 12,0
151,11 59,13 19,1 21,3 10,4
140,4 70,0 20,0 22,0 14,0
157,5 66,0 20,0 22,0 14,0
160,0 65,3 17,1 24,0 14,0
158,0 72,0 19,1 20,0 13,1
144,16 40,28 13,5 17,5 7,7
157,1 76,0 19,1 24,0 14,0
160,0 69,1 18,0 24,0 14,0
133,23 73,1 20,0 20,2 14,0
157,5 61,7 19,1 18,0 12,0
160,0 53,11 15,3 17,7 10,4
160,2 74,0 18,0 24,0 14,0
154,4 66,0 16,0 20,0 10,0
160,0 59,1 20,0 18,2 12,2
58,104 37,37 9,11 7,17 4,10
152,4 62,0 20,0 22,0 14,0
156,0 66,0 17,1 22,0 14,0
160,0 65,1 16,0 20,0 14,0
26,136 34,32 10,6 6,12 7,7
158,0 66,0 17,1 18,4 14,0
150,12 54,0 20,0 22,0 9,1
160,2 70,4 19,1 22,0 13,1
146,16 72,0 20,0 24,0 14,0
162,0 72,2 20,0 22,0 14,0
158,0 73,1 20,0 16,0 14,0
148,14 68,0 19,1 22,0 12,0
155,7 63,13 16,4 20,4 9,5
158,0 69,1 14,0 12,0 14,0
94,66 24,40 6,14 9,11 4,10
157,5 76,0 20,0 24,0 14,0
61,97 6,68 3,17 9,15 0,14
4,136 0,76 0,20 0,24 0,14
162,0 72,0 17,1 24,0 14,0
157,1 72,2 20,0 24,0 12,0
2,160 1,73 0,20 0,24 0,14
158,0 74,0 20,0 23,1 13,1
154,0 66,2 17,1 22,2 12,2
150,8 63,3 19,1 17,1 10,2
159,1 73,1 18,0 24,0 14,0
157,1 63,5 19,1 19,3 14,0
162,0 75,1 20,0 24,0 14,0
162,0 70,0 20,0 24,0 13,1
157,5 72,0 20,0 20,0 13,1
156,0 40,22 16,4 15,9 8,6
148,0 73,1 20,0 24,0 12,2
160,0 72,2 20,0 22,0 14,0
151,5 61,3 18,2 19,3 14,0
132,8 68,4 19,1 24,0 14,0
146,0 68,0 20,0 22,0 11,1
153,9 73,3 19,1 23,1 14,0
162,0 75,1 20,0 22,0 12,0
156,2 64,0 20,0 16,0 12,0
144,18 66,0 18,0 20,0 12,0
134,18 61,11 17,3 20,2 14,0
154,0 60,4 20,0 22,0 14,0
156,6 76,0 20,0 22,0 14,0
160,0 65,1 18,0 14,0 10,0
161,1 59,1 20,0 24,0 12,0
20,124 18,56 2,18 0,18 4,8
150,8 75,1 20,0 24,0 14,0
110,52 60,10 17,1 13,7 14,0
160,2 69,1 18,0 16,0 10,0
136,20 62,4 17,1 12,6 14,0
155,3 50,20 15,5 19,5 14,0
158,4 67,9 19,1 24,0 12,2
60,102 53,13 5,15 9,3 13,1
7,149 2,66 0,20 0,24 1,11
146,12 54,12 13,5 13,7 9,1
152,10 63,7 15,3 19,3 14,0
162,0 67,1 20,0 23,1 14,0
161,1 72,0 20,0 24,0 14,0
78,84 41,29 12,8 8,12 7,7
159,3 75,1 19,1 22,0 14,0
150,10 69,1 20,0 22,0 13,1
159,3 74,0 20,0 24,0 14,0
162,0 60,4 17,1 23,1 14,0
14,138 5,71 0,20 3,19 0,14
143,7 76,0 14,0 18,0 14,0
160,0 64,0 15,1 20,0 14,0
152,0 73,1 16,0 16,0 14,0
158,4 75,1 20,0 24,0 12,0
161,1 57,7 16,2 24,0 11,1
152,0 66,0 19,1 20,2 14,0
154,8 72,0 17,1 21,1 12,0
143,13 58,0 20,0 24,0 12,0
156,6 71,5 20,0 22,0 12,0
156,6 74,2 18,2 24,0 13,1
127,31 58,6 15,3 21,3 10,0
93,55 59,13 15,3 18,4 10,2
152,4 71,3 19,1 22,0 14,0
154,8 68,2 19,1 23,1 14,0
80,82 21,49 9,11 13,9 7,7
162,0 76,0 20,0 22,2 13,1
4,158 8,58 1,19 2,22 0,14
1,161 0,76 0,20 0,22 0,14
152,0 72,0 18,2 24,0 13,1
155,3 65,5 16,0 15,1 6,4
162,0 71,1 20,0 22,0 13,1
96,66 58,16 14,6 14,10 13,1
130,30 49,21 16,4 13,5 7,7
162,0 75,1 20,0 21,1 11,1
111,37 50,24 15,3 21,1 10,2
116,44 40,28 19,1 14,10 5,9
162,0 72,0 20,0 24,0 13,1
152,6 56,10 18,0 19,3 10,2
147,15 62,2 20,0 16,0 14,0
87,69 39,31 13,5 14,10 10,4
155,5 63,3 20,0 22,0 14,0
158,4 74,0 16,0 22,0 14,0
160,0 75,1 20,0 22,0 14,0
120,42 65,5 16,2 12,0 10,4
148,8 74,0 18,0 16,0 12,0
162,0 72,2 20,0 22,0 14,0
161,1 74,0 16,0 22,0 10,0
145,13 67,1 13,1 21,1 13,1
23,139 6,56 1,19 7,17 6,8
158,2 76,0 20,0 24,0 14,0
162,0 75,1 20,0 22,0 14,0
156,2 56,8 16,2 18,0 13,1
161,1 74,0 18,0 20,0 14,0
158,4 74,0 20,0 24,0 12,0
77,83 34,38 9,11 8,16 10,4
161,1 72,0 20,0 24,0 14,0
47,115 39,31 4,16 12,10 4,10
147,1 70,0 20,0 20,0 14,0
161,1 73,3 20,0 24,0 13,1
162,0 72,0 20,0 20,2 14,0
161,1 74,0 19,1 22,0 14,0
6,156 3,67 1,19 3,17 5,9
158,4 70,2 16,0 23,1 12,0
158,0 53,11 16,0 16,4 10,2
162,0 75,1 20,0 22,0 14,0
162,0 54,6 14,4 13,9 11,1
162,0 76,0 20,0 22,0 13,1
159,3 64,0 10,0 20,0 12,0
162,0 67,3 20,0 24,0 12,0
162,0 63,7 15,3 10,0 13,1
161,1 75,1 18,2 24,0 14,0
158,4 60,0 20,0 24,0 12,0
134,28 38,16 13,7 15,3 9,5
142,10 63,3 16,0 24,0 12,0
161,1 68,0 18,0 24,0 14,0
7,145 0,66 0,16 0,24 0,14
162,0 76,0 17,3 24,0 14,0
157,3 68,0 18,0 18,0 10,0
158,4 68,0 17,1 16,0 14,0
146,6 71,1 20,0 14,6 11,1
1,159 0,68 1,19 0,12 0,14
158,0 51,7 20,0 21,1 12,0
162,0 74,2 18,0 24,0 14,0
160,0 70,2 20,0 24,0 12,0
146,12 66,2 17,1 10,6 14,0
155,7 68,0 17,3 22,0 14,0
145,11 71,3 19,1 20,2 14,0
157,3 63,11 20,0 24,0 14,0
1,161 0,76 0,20 1,23 0,14
161,1 68,4 20,0 24,0 12,0
0,162 1,71 0,20 1,21 0,12
18,140 18,56 0,18 2,22 0,14
156,2 71,1 20,0 24,0 14,0
158,4 46,16 14,4 20,4 11,3
144,14 69,3 17,3 22,2 10,4
159,1 72,0 18,0 22,0 14,0
140,16 70,2 18,0 24,0 11,1
158,0 74,0 17,1 20,0 14,0
147,15 71,5 18,0 24,0 14,0
158,0 70,2 20,0 22,0 14,0
122,38 44,24 13,7 13,11 7,7
146,0 66,2 17,1 24,0 12,2
160,0 70,2 20,0 22,0 12,0
148,10 70,4 15,3 22,2 10,0
136,24 60,6 15,3 23,1 12,2
157,5 76,0 20,0 22,2 14,0
155,1 74,0 20,0 16,0 12,0
149,1 70,0 19,1 16,0 12,0
158,4 56,0 20,0 22,0 10,0
116,42 54,16 17,3 19,3 13,1
96,64 35,31 5,15 9,13 7,7
154,2 64,0 20,0 22,0 14,0
158,2 72,2 19,1 22,0 14,0
157,3 70,0 20,0 24,0 13,1
56,90 20,48 8,12 2,20 4,10
162,0 74,2 20,0 22,0 14,0
154,6 62,0 18,0 22,0 14,0
158,4 74,0 18,0 20,0 14,0
161,1 64,0 20,0 14,0 12,0
159,1 61,3 20,0 21,3 9,1
158,0 64,0 18,2 23,1 10,0
150,0 70,2 20,0 22,0 12,0
9,151 6,68 1,19 2,22 0,14
97,57 47,23 11,5 15,3 12,2
158,0 65,1 20,0 20,4 14,0
162,0 76,0 20,0 22,2 14,0
162,0 73,1 19,1 15,9 14,0
162,0 72,2 20,0 22,0 14,0
154,0 73,1 18,0 24,0 11,1
162,0 73,1 20,0 24,0 13,1
156,2 68,0 20,0 23,1 12,0
158,0 67,3 20,0 22,0 12,0
146,16 53,15 13,5 21,3 11,3
148,0 72,2 18,0 21,1 14,0
157,5 76,0 20,0 24,0 14,0
159,1 68,2 20,0 22,0 12,0
156,4 60,2 16,0 13,5 14,0
162,0 72,2 20,0 24,0 14,0
159,3 71,1 16,0 24,0 10,0
131,31 72,0 20,0 24,0 14,0
162,0 62,4 20,0 22,2 14,0
1,149 3,65 0,18 0,24 0,12
127,35 70,6 18,2 17,7 13,1
162,0 69,3 20,0 24,0 14,0
161,1 74,0 20,0 23,1 14,0
131,31 64,8 18,2 14,6 14,0
27,135 15,53 0,18 0,20 3,9
158,4 72,0 20,0 22,0 14,0
153,1 59,1 20,0 22,0 12,0
3,159 0,66 0,18 0,24 0,14
158,4 70,0 20,0 22,0 14,0
162,0 70,2 18,0 20,0 10,0
57,99 25,47 5,15 4,12 3,9
151,11 73,3 19,1 24,0 14,0
162,0 72,0 18,2 24,0 14,0
158,4 74,0 20,0 22,0 14,0
117,45 46,26 19,1 14,6 9,3
4,152 0,76 0,20 0,24 0,14
112,50 49,27 15,5 11,11 12,2
162,0 70,2 16,0 22,0 10,0
153,5 66,8 19,1 22,0 13,1
151,1 66,2 16,0 22,0 14,0
154,8 65,9 20,0 24,0 14,0
99,61 54,10 11,3 14,6 6,4
162,0 70,2 18,0 24,0 12,0
156,2 74,2 20,0 18,2 11,1
133,5 70,6 20,0 24,0 14,0
154,6 76,0 20,0 24,0 14,0
0,162 0,72 1,19 0,24 0,14
162,0 74,0 20,0 22,2 14,0
85,75 30,38 10,6 14,8 6,6
154,8 75,1 19,1 24,0 14,0
78,72 47,19 10,8 6,16 11,3
105,57 51,21 14,6 16,8 7,7
162,0 59,1 16,0 23,1 10,2
85,77 24,32 9,7 10,12 9,5
83,79 32,40 5,15 6,12 3,9
152,8 62,0 16,0 20,0 14,0
0,162 1,73 0,18 0,22 0,14
97,65 55,17 17,3 13,11 10,4
151,1 75,1 20,0 22,2 14,0
160,0 75,1 18,0 18,2 14,0
158,0 74,2 18,0 22,0 14,0
160,0 73,1 18,0 24,0 14,0
149,5 70,0 15,1 22,0 13,1
122,18 60,16 14,6 16,8 10,4
161,1 55,1 20,0 20,0 13,1
46,96 57,19 10,8 16,8 9,3
44,118 19,57 4,12 1,13 2,10
148,0 72,0 18,0 24,0 11,3
89,69 60,14 12,8 20,4 5,7
139,13 65,3 13,3 22,2 12,0
160,0 65,7 20,0 24,0 14,0
160,0 73,1 18,0 24,0 13,1
152,6 68,2 14,0 21,1 12,0
162,0 56,2 20,0 24,0 14,0
162,0 65,3 14,0 20,0 10,0
162,0 76,0 20,0 23,1 13,1
162,0 71,1 16,0 20,0 7,1
149,9 64,0 18,0 20,0 14,0
162,0 71,1 20,0 24,0 14,0
162,0 70,2 18,0 20,0 14,0
162,0 61,1 18,0 24,0 13,1
161,1 70,0 20,0 20,0 14,0
138,2 76,0 20,0 22,0 14,0
132,2 65,11 20,0 22,2 14,0
69,79 24,48 7,13 15,9 3,5
7,155 1,71 1,15 3,13 0,10
159,3 76,0 20,0 24,0 14,0
156,2 67,1 19,1 22,0 14,0
150,10 66,0 18,0 24,0 14,0
160,0 59,1 20,0 21,3 14,0
91,71 34,40 9,11 9,15 8,6
8,154 6,60 0,20 0,24 0,12
162,0 66,10 17,3 19,5 12,2
151,1 75,1 20,0 18,0 12,0
162,0 71,1 18,0 24,0 12,0
0,162 1,71 0,20 0,24 0,14
1,161 0,58 0,20 3,21 0,14
162,0 57,7 16,0 17,3 12,0
154,8 74,0 18,2 22,0 14,0
158,4 52,18 17,1 18,0 12,0
135,23 68,2 20,0 21,3 12,0
85,77 31,43 9,11 12,10 6,8
162,0 73,3 18,0 22,0 14,0
150,6 53,21 18,2 23,1 6,6
91,69 37,39 11,9 13,9 11,3
83,79 17,41 11,9 18,4 4,8
107,51 24,40 13,5 18,6 7,5
161,1 72,0 20,0 24,0 14,0
1,161 1,67 1,19 2,20 0,14
161,1 74,2 20,0 24,0 14,0
160,0 71,1 20,0 20,0 12,2
4,158 5,63 0,14 0,20 0,14
162,0 72,0 18,0 22,2 12,0
161,1 70,0 16,2 13,7 14,0
116,46 68,6 14,6 18,4 12,2
56,106 26,44 10,8 5,13 5,7
128,28 69,3 18,2 15,3 11,1
136,8 69,3 16,4 18,0 14,0
89,73 56,12 9,9 18,6 12,2
49,113 28,48 7,13 9,15 6,8
161,1 72,2 20,0 24,0 14,0
95,59 16,56 5,15 7,15 5,9
161,1 67,1 20,0 21,3 12,2
82,74 47,11 16,4 20,4 6,6
2,156 4,58 0,18 0,20 2,12
148,14 75,1 20,0 12,0 11,1
156,6 74,0 20,0 24,0 14,0
139,15 54,8 19,1 22,0 12,0
162,0 66,0 19,1 24,0 12,0
159,3 71,1 20,0 22,0 14,0
154,0 65,3 20,0 22,0 12,0
162,0 74,2 20,0 23,1 13,1
45,113 33,29 9,9 7,13 11,3
0,162 1,67 0,20 0,18 0,10
158,4 68,2 16,0 20,0 14,0
161,1 76,0 20,0 24,0 14,0
161,1 74,0 20,0 24,0 14,0
161,1 71,3 19,1 22,2 14,0
157,5 76,0 20,0 21,1 14,0
7,153 0,58 0,20 4,16 0,12
160,0 74,0 18,0 22,2 14,0
154,4 64,0 19,1 22,0 10,0
58,102 22,54 6,12 4,20 4,10
161,1 68,0 20,0 24,0 14,0
5,157 4,72 0,20 0,24 0,14
1,151 1,71 0,20 1,23 0,14
160,0 72,2 20,0 24,0 14,0
161,1 73,3 20,0 24,0 13,1
151,11 75,1 20,0 23,1 14,0
82,80 47,17 10,10 16,4 11,1
150,12 48,12 18,0 20,2 10,2
158,4 62,6 20,0 24,0 14,0
162,0 70,4 16,0 18,0 10,0
7,149 0,64 0,14 0,20 1,13
56,106 37,39 5,15 12,12 7,7
88,74 21,53 10,10 12,12 6,8
162,0 72,2 20,0 21,3 12,2
155,7 76,0 20,0 24,0 14,0
150,0 71,1 16,0 24,0 14,0
160,0 67,1 18,0 22,0 14,0
156,2 72,4 20,0 22,0 13,1
158,0 70,0 20,0 21,3 14,0
161,1 70,0 15,3 24,0 14,0
157,5 70,0 20,0 18,0 12,0
154,8 70,0 18,0 22,0 14,0
0,162 6,70 0,20 0,24 1,13
141,13 61,15 8,12 21,3 7,7
158,0 72,0 20,0 21,1 14,0
161,1 75,1 20,0 23,1 11,3
13,145 2,58 3,17 2,22 0,14
114,48 51,23 14,6 11,13 9,5
8,154 6,70 2,18 0,24 1,13
158,0 69,1 20,0 24,0 14,0
160,2 75,1 20,0 24,0 14,0
148,4 68,0 20,0 22,0 14,0
162,0 70,0 18,2 18,2 8,2
69,93 20,44 8,12 6,18 3,11
113,49 53,13 18,2 20,4 9,3
162,0 68,2 14,2 20,2 13,1
159,3 69,5 20,0 23,1 14,0
160,2 70,0 19,1 22,0 11,1
162,0 69,1 20,0 20,0 10,0
151,9 74,0 20,0 24,0 14,0
155,7 59,5 17,1 19,1 12,0
162,0 69,1 18,0 20,0 11,1
2,160 2,74 2,18 0,24 0,14
158,0 65,1 20,0 24,0 14,0
158,0 68,2 20,0 24,0 14,0
41,121 17,59 4,16 11,11 2,10
158,0 60,2 17,3 21,1 13,1
88,72 58,14 13,7 16,8 9,5
162,0 65,1 20,0 24,0 14,0
161,1 61,5 20,0 24,0 14,0
162,0 74,0 20,0 23,1 14,0
144,0 64,2 20,0 21,3 14,0
146,12 71,1 20,0 24,0 14,0
158,0 72,0 20,0 24,0 12,2
157,5 65,1 15,3 20,0 14,0
159,3 62,4 20,0 23,1 10,2
160,0 59,1 20,0 16,0 13,1
152,0 70,0 17,1 23,1 13,1
158,0 64,2 18,0 22,0 12,0
147,9 49,15 15,1 15,5 11,3
93,67 30,38 8,12 15,9 4,10
159,1 74,0 18,0 24,0 14,0
88,72 42,20 8,12 17,7 7,7
144,2 72,2 20,0 22,0 14,0
158,0 60,4 18,2 23,1 14,0
158,2 57,3 17,3 14,2 12,0
159,3 64,0 20,0 22,0 12,2
83,79 24,52 10,10 13,11 6,8
77,83 48,20 14,6 9,9 3,7
145,3 62,0 20,0 22,2 14,0
158,4 74,0 20,0 22,0 12,0
152,10 70,6 19,1 24,0 14,0
160,0 72,0 18,2 22,2 12,0
154,0 66,2 20,0 16,8 10,4
160,2 76,0 20,0 20,0 13,1
121,37 66,4 19,1 19,5 11,1
139,5 74,0 14,2 24,0 12,0
67,91 20,46 5,15 1,17 1,13
87,75 28,48 7,13 6,16 7,7
158,0 63,1 16,0 22,0 10,0
143,17 69,7 18,2 24,0 13,1
143,19 59,11 16,2 24,0 14,0
152,0 66,0 17,1 22,0 14,0
113,41 58,6 12,8 17,3 11,3
160,2 70,0 19,1 24,0 9,1
160,2 74,0 18,2 24,0 14,0
158,4 63,1 18,0 12,0 12,0
160,2 70,2 20,0 22,0 13,1
155,7 68,0 20,0 22,0 14,0
157,3 76,0 20,0 23,1 14,0
156,6 70,0 20,0 22,0 14,0
155,5 69,1 18,0 24,0 14,0
98,58 63,13 9,9 12,10 8,2
150,4 64,0 16,0 22,0 12,0
161,1 68,4 20,0 19,3 14,0
130,32 68,2 20,0 24,0 14,0
1,159 0,76 0,20 0,22 0,12
162,0 76,0 18,0 21,1 14,0
156,6 60,2 18,0 24,0 10,0
140,0 71,1 20,0 23,1 14,0
155,7 62,0 16,0 20,0 14,0
147,15 70,0 17,1 18,0 12,0
99,63 51,17 9,11 12,10 8,6
16,134 20,50 2,18 3,19 5,9
146,0 74,0 20,0 23,1 14,0
140,18 69,1 15,3 16,0 11,1
117,39 49,15 16,4 11,9 13,1
160,0 61,3 18,0 20,0 6,2
152,4 68,4 19,1 14,0 11,3
158,4 74,2 20,0 22,0 14,0
159,3 57,3 17,3 24,0 14,0
162,0 74,2 20,0 24,0 14,0
151,5 65,3 16,2 17,3 10,0
144,18 62,0 20,0 22,0 10,0
75,63 47,25 7,13 11,13 8,6
50,112 47,29 10,10 4,18 6,8
156,0 67,1 16,0 16,0 12,0
34,128 9,63 2,18 6,16 4,8
154,0 73,1 14,0 22,0 11,1
162,0 73,3 20,0 24,0 13,1
158,4 76,0 20,0 24,0 14,0
152,10 76,0 20,0 24,0 14,0
7,155 0,70 0,20 0,24 0,14
151,11 66,0 18,2 24,0 14,0
140,22 72,2 19,1 24,0 12,0
161,1 75,1 19,1 24,0 12,2
156,0 52,10 13,7 18,6 10,4
156,0 61,1 20,0 24,0 14,0
144,0 76,0 18,0 24,0 13,1
162,0 56,0 19,1 21,3 14,0
140,0 76,0 17,1 22,0 13,1
154,6 68,2 19,1 18,0 14,0
118,44 68,8 18,2 22,2 13,1
144,0 69,1 20,0 20,0 14,0
162,0 76,0 19,1 22,0 10,4
160,2 73,3 20,0 24,0 12,2
9,153 8,68 0,20 2,22 4,10
121,41 54,20 12,6 16,6 9,5
153,3 74,0 20,0 18,0 10,0
160,0 65,7 19,1 23,1 14,0
147,11 75,1 20,0 19,5 12,0
162,0 74,2 20,0 24,0 14,0
60,102 23,47 9,11 10,12 1,13
151,1 66,4 18,0 14,2 11,1
148,14 66,0 20,0 24,0 14,0
140,0 75,1 20,0 23,1 14,0
146,16 74,2 20,0 24,0 8,6
151,11 63,3 16,0 18,0 12,0
154,4 71,1 20,0 14,0 8,0
156,0 74,0 19,1 22,0 14,0
79,83 33,39 8,10 7,17 7,7
152,0 74,2 18,0 20,0 14,0
162,0 73,1 20,0 24,0 14,0
155,1 72,2 16,2 23,1 12,2
152,2 76,0 20,0 19,3 14,0
159,1 71,1 20,0 24,0 14,0
155,5 76,0 20,0 24,0 14,0
162,0 68,2 20,0 24,0 13,1
159,1 74,0 13,1 22,0 12,0
109,53 43,17 17,3 11,13 10,4
126,36 73,3 17,3 22,2 13,1
126,32 74,0 18,0 18,0 12,0
161,1 76,0 20,0 24,0 14,0
161,1 76,0 18,0 23,1 14,0
140,20 75,1 16,4 21,3 14,0
161,1 74,2 19,1 23,1 13,1
152,10 70,2 18,0 23,1 12,0
2,160 3,73 0,20 0,24 0,14
1,161 0,72 0,18 0,20 0,14
9,151 6,66 1,19 3,21 3,11
158,0 69,1 14,0 22,0 14,0
162,0 71,1 18,0 22,0 14,0
162,0 73,1 20,0 24,0 14,0
146,16 64,8 20,0 17,5 12,2
160,0 74,2 20,0 24,0 13,1
139,21 67,3 18,0 22,0 14,0
1,157 5,59 3,15 2,22 6,8
153,5 76,0 20,0 24,0 14,0
162,0 76,0 19,1 18,0 14,0
157,1 70,0 20,0 22,0 14,0
155,5 52,14 17,3 16,0 14,0
159,3 76,0 20,0 24,0 14,0
116,46 70,6 15,5 19,5 13,1
154,2 64,4 19,1 23,1 13,1
162,0 74,0 20,0 22,0 10,2
156,6 73,3 20,0 23,1 14,0
159,3 62,0 20,0 18,0 14,0
0,162 1,69 1,19 2,18 2,12
158,4 73,1 19,1 23,1 14,0
157,3 67,1 18,0 14,0 14,0
133,11 72,0 16,0 24,0 14,0
154,8 69,1 20,0 24,0 14,0
7,153 5,59 1,19 0,22 2,12
156,0 70,2 17,1 18,0 14,0
117,33 38,34 17,1 14,8 4,8
162,0 76,0 18,2 24,0 14,0
94,68 55,21 15,5 15,9 11,1
146,0 71,1 20,0 23,1 14,0
156,0 72,2 19,1 20,0 14,0
0,160 2,74 1,19 0,24 0,14
160,2 68,0 20,0 22,0 13,1
162,0 68,2 20,0 24,0 14,0
26,136 5,69 0,20 0,24 0,10
155,3 71,1 20,0 22,0 6,0
140,18 75,1 14,4 23,1 14,0
60,100 64,12 11,9 14,10 12,2
154,8 74,2 15,5 24,0 14,0
161,1 71,1 20,0 20,0 14,0
160,2 72,2 20,0 24,0 13,1
156,2 68,0 20,0 14,2 12,0
157,5 72,0 16,0 24,0 14,0
142,6 67,3 17,1 22,0 14,0
151,11 72,4 20,0 23,1 14,0
88,74 39,35 15,5 15,9 2,12
159,1 58,4 16,0 18,0 11,1
107,41 42,28 12,8 13,9 11,3
158,4 71,5 18,0 24,0 10,2
150,0 66,0 18,2 20,0 12,0
84,78 32,30 13,7 6,18 7,5
158,4 61,3 15,1 20,0 11,3
140,22 67,9 16,4 21,3 11,3
162,0 64,4 20,0 24,0 13,1
161,1 68,2 19,1 24,0 14,0
0,162 2,72 0,20 0,24 0,12
162,0 59,3 19,1 24,0 14,0
162,0 75,1 20,0 18,0 12,0
157,3 65,1 18,2 24,0 14,0
160,0 70,0 19,1 17,1 14,0
162,0 65,1 20,0 24,0 14,0
154,0 64,0 20,0 24,0 13,1
160,0 76,0 15,3 24,0 14,0
161,1 74,0 20,0 24,0 14,0
154,2 74,0 20,0 22,0 14,0
156,0 74,0 20,0 23,1 14,0
148,10 70,2 14,0 20,0 12,0
154,0 65,1 17,1 24,0 12,0
160,2 72,2 18,2 23,1 14,0
142,20 61,3 17,1 24,0 14,0
162,0 74,0 20,0 20,2 12,0
6,156 2,68 1,19 2,22 4,8
26,136 27,29 4,14 12,10 10,4
154,8 74,0 20,0 24,0 14,0
161,1 76,0 19,1 24,0 14,0
162,0 72,2 20,0 24,0 14,0
154,6 65,1 19,1 24,0 14,0
157,5 67,3 17,1 22,2 12,2
156,0 75,1 20,0 24,0 14,0
162,0 68,2 20,0 24,0 12,0
105,55 56,20 9,5 12,10 12,2
155,1 69,3 19,1 24,0 14,0
126,36 45,21 13,3 11,5 6,2
160,0 74,0 20,0 24,0 12,2
160,0 64,2 16,0 16,4 13,1
6,154 0,70 0,16 2,14 0,14
162,0 75,1 20,0 24,0 14,0
147,9 76,0 20,0 24,0 14,0
161,1 72,0 18,0 18,0 14,0
162,0 75,1 18,0 22,2 14,0
81,81 13,51 7,7 6,14 1,13
162,0 69,1 20,0 24,0 14,0
157,5 72,0 16,0 24,0 14,0
160,2 75,1 18,0 24,0 12,0
160,2 66,0 20,0 18,0 12,0
126,36 73,3 17,3 24,0 14,0
97,49 49,23 19,1 21,3 13,1
160,0 71,1 17,1 21,1 14,0
46,114 43,29 6,10 13,7 6,6
143,19 61,7 9,11 15,3 12,2
149,9 74,0 20,0 16,0 14,0
156,6 69,1 16,0 22,0 14,0
155,1 62,0 16,0 22,0 12,0
74,88 12,64 5,13 12,12 2,12
161,1 64,2 20,0 23,1 14,0
160,0 69,1 20,0 22,0 14,0
128,30 45,27 12,6 16,6 11,3
158,0 75,1 19,1 22,0 14,0
148,12 64,2 20,0 22,0 12,0
155,7 64,2 20,0 24,0 14,0
147,9 73,1 18,2 23,1 10,0
155,5 67,5 20,0 21,1 11,3
158,0 67,1 20,0 22,0 11,1
161,1 75,1 19,1 24,0 14,0
155,7 72,4 20,0 22,0 13,1
160,0 69,1 18,0 22,0 14,0
162,0 65,5 20,0 24,0 12,0
1,161 0,74 0,20 0,14 0,14
161,1 75,1 20,0 23,1 14,0
34,122 8,56 1,19 1,23 1,13
151,9 71,5 18,0 24,0 13,1
156,2 64,0 14,0 18,0 14,0
156,4 62,2 17,1 18,2 13,1
69,93 41,25 12,8 8,16 4,10
146,0 68,4 18,0 24,0 14,0
160,0 74,0 20,0 24,0 12,2
157,3 53,9 20,0 20,2 12,2
82,58 26,46 7,13 14,8 4,10
126,36 66,4 18,0 20,2 11,3
138,4 74,2 18,2 23,1 13,1
136,6 70,2 17,1 24,0 10,4
161,1 57,1 20,0 24,0 12,0
159,3 72,2 18,2 22,0 14,0
161,1 76,0 20,0 24,0 14,0
162,0 76,0 20,0 24,0 13,1
154,8 60,8 20,0 18,0 8,6
160,0 75,1 20,0 24,0 14,0
155,1 69,7 19,1 22,2 14,0
78,84 23,51 8,12 10,14 4,10
157,1 66,0 18,0 18,0 12,0
149,1 43,27 13,3 21,1 11,3
160,0 59,1 18,0 20,2 14,0
146,16 75,1 18,2 22,2 14,0
46,116 31,37 5,15 9,11 4,10
103,39 44,30 11,9 19,3 8,6
4,158 5,67 1,19 0,22 1,13
152,10 64,10 19,1 24,0 13,1
158,0 67,1 18,0 20,0 9,1
162,0 62,4 16,2 22,2 13,1
156,0 68,0 16,0 18,2 14,0
71,91 28,48 9,11 4,20 7,7
162,0 76,0 20,0 24,0 12,2
150,8 68,2 18,0 20,0 14,0
125,35 72,0 15,3 12,0 12,0
153,9 73,3 19,1 24,0 14,0
162,0 74,2 17,3 15,9 14,0
161,1 76,0 20,0 22,0 14,0
148,0 75,1 18,0 24,0 13,1
1,139 2,74 0,20 0,24 0,14
141,5 71,1 14,0 24,0 14,0
101,61 46,20 15,5 11,7 10,4
96,48 47,27 16,4 16,8 10,2
151,3 61,3 19,1 24,0 13,1
144,2 76,0 20,0 20,0 14,0
162,0 71,1 20,0 20,0 14,0
22,140 5,71 2,18 2,22 0,14
160,0 55,7 18,2 13,3 10,4
86,76 66,8 14,6 11,9 10,4
162,0 58,8 14,2 17,1 11,1
158,0 71,5 18,0 24,0 14,0
134,28 70,4 18,2 14,10 12,2
7,155 11,55 0,20 0,24 2,10
153,9 64,10 14,4 21,3 13,1
141,21 69,3 14,0 20,0 10,0
157,5 72,0 20,0 24,0 12,0
157,5 52,10 17,1 21,1 9,3
0,162 1,73 2,18 2,22 0,14
3,159 2,74 0,20 0,24 0,14
154,6 70,0 20,0 24,0 14,0
160,0 69,3 20,0 22,0 14,0
63,99 33,43 8,12 4,18 4,10
154,0 62,2 20,0 21,1 12,0
82,80 63,11 13,7 10,12 10,4
153,9 61,1 20,0 22,0 12,0
162,0 66,0 20,0 23,1 14,0
124,38 65,5 18,2 23,1 10,4
144,18 72,4 16,4 21,1 14,0
161,1 76,0 20,0 24,0 14,0
146,14 60,10 13,5 20,2 12,0
156,2 72,2 14,0 20,0 14,0
109,39 18,52 10,10 9,9 9,5
156,0 66,0 16,0 21,1 10,0
160,0 76,0 20,0 23,1 14,0
146,0 62,8 19,1 23,1 12,2
158,4 74,0 14,0 22,0 14,0
162,0 73,1 20,0 24,0 14,0
155,5 62,0 17,1 22,0 14,0
157,1 61,1 20,0 21,1 14,0
1,159 0,76 0,20 0,24 0,14
150,0 65,5 17,1 23,1 13,1
162,0 72,4 20,0 24,0 14,0
155,5 67,3 20,0 22,0 12,0
147,1 70,2 19,1 24,0 9,1
152,2 47,13 17,3 16,8 12,2
33,127 2,68 4,16 1,19 1,13
146,14 52,14 15,3 14,6 5,3
154,2 74,2 18,0 20,0 14,0
101,61 43,27 15,5 14,10 10,4
105,57 50,24 11,9 15,9 6,8
103,57 72,0 15,5 21,1 14,0
154,6 56,16 17,3 22,2 13,1
139,19 66,10 16,4 20,4 10,2
123,37 49,25 14,6 20,4 8,6
159,3 47,19 16,4 17,3 13,1
32,130 3,61 3,17 1,19 0,12
103,59 40,22 9,9 15,5 2,4
57,103 26,50 6,12 12,12 6,8
162,0 60,2 16,0 24,0 12,0
23,135 36,40 4,16 8,16 1,13
160,0 72,2 20,0 24,0 14,0
156,6 70,0 18,0 16,0 11,1
156,4 72,2 20,0 22,0 14,0
154,0 66,6 18,0 22,2 13,1
156,6 68,0 20,0 22,0 14,0
161,1 69,1 20,0 22,0 13,1
154,6 47,19 15,3 19,5 11,1
130,22 65,7 15,3 24,0 7,7
156,6 74,0 19,1 20,0 14,0
158,4 76,0 20,0 24,0 12,0
156,0 73,1 18,0 16,0 10,0
162,0 64,2 16,0 22,0 6,0
156,6 66,0 18,0 24,0 14,0
162,0 74,0 20,0 23,1 14,0
18,142 17,47 1,17 2,22 0,12
154,8 68,0 20,0 17,1 14,0
135,23 63,9 17,3 21,3 10,4
135,27 60,12 15,5 17,5 8,4
152,10 64,0 20,0 21,1 14,0
148,0 70,2 16,0 20,0 12,0
146,14 73,1 18,0 24,0 14,0
18,144 15,59 3,17 2,20 2,12
152,0 75,1 20,0 21,3 14,0
162,0 54,0 18,0 20,2 12,0
114,34 44,24 17,3 18,6 7,7
44,116 23,41 6,14 10,14 6,8
162,0 72,4 20,0 24,0 12,0
139,23 61,5 17,1 19,3 14,0
1,159 6,68 0,18 0,18 4,10
123,31 58,8 9,5 21,3 8,4
158,0 65,1 16,0 18,0 14,0
158,0 69,7 19,1 23,1 14,0
157,1 68,2 18,0 22,0 14,0
158,0 71,3 19,1 22,2 13,1
162,0 74,0 19,1 20,0 13,1
65,97 15,53 5,15 13,7 4,8
152,10 74,0 18,0 24,0 14,0
150,0 75,1 20,0 24,0 14,0
162,0 67,1 18,0 24,0 14,0
146,0 69,3 20,0 24,0 14,0
139,9 58,12 15,5 16,8 11,1
145,17 73,3 16,0 19,5 10,0
103,59 36,32 4,16 14,10 14,0
156,6 69,7 18,2 17,1 14,0
162,0 56,0 17,1 22,0 12,0
160,0 73,1 20,0 24,0 14,0
162,0 75,1 20,0 24,0 14,0
161,1 64,6 20,0 23,1 14,0
160,2 66,0 16,0 22,0 12,0
162,0 75,1 20,0 23,1 12,0
1,161 3,65 1,19 0,24 0,14
162,0 75,1 20,0 20,0 12,0
162,0 70,0 14,0 21,1 14,0
0,162 0,66 0,20 2,22 0,14
134,26 70,2 19,1 22,0 14,0
128,30 65,1 19,1 19,1 8,0
23,139 3,69 6,14 7,15 2,12
102,60 60,8 13,5 16,8 13,1
159,3 69,1 18,0 18,0 14,0
120,38 27,47 10,10 15,9 10,4
159,3 61,3 20,0 22,2 10,2
162,0 73,1 20,0 24,0 12,0
1,159 3,59 1,19 1,21 3,11
0,162 5,71 0,20 0,24 0,14
2,154 2,68 0,18 1,23 0,14
147,15 73,1 20,0 20,0 14,0
1,155 3,65 0,18 0,22 0,14
162,0 72,4 20,0 23,1 12,2
158,4 71,3 20,0 24,0 13,1
80,64 53,15 16,2 16,8 11,3
131,31 66,2 20,0 24,0 14,0
138,14 74,0 18,0 18,0 14,0
161,1 76,0 18,0 24,0 14,0
162,0 62,2 20,0 22,0 14,0
151,11 67,9 15,5 20,4 14,0
139,23 72,2 19,1 22,2 14,0
157,5 72,0 17,3 24,0 14,0
162,0 69,1 20,0 22,0 12,0
154,0 65,1 20,0 22,0 12,0
22,130 15,49 4,16 3,21 0,14
150,12 71,1 18,2 24,0 14,0
161,1 75,1 20,0 24,0 14,0
134,28 54,14 13,7 21,3 9,5
0,162 1,75 0,20 0,24 0,14
160,0 75,1 20,0 24,0 14,0
162,0 68,6 19,1 19,3 12,2
150,6 60,6 17,3 20,4 14,0
160,0 67,1 20,0 24,0 14,0
159,3 74,2 20,0 24,0 14,0
162,0 61,3 16,0 24,0 10,0
162,0 74,0 20,0 19,1 13,1
8,154 6,70 0,20 0,24 0,14
154,0 71,3 18,0 21,1 13,1
45,113 21,51 7,7 8,14 6,8
153,9 75,1 19,1 24,0 14,0
158,4 75,1 19,1 22,0 14,0
162,0 70,0 18,0 23,1 12,0
67,79 23,51 13,7 7,15 1,11
153,7 65,1 14,0 16,0 12,0
2,160 0,64 0,20 0,20 0,12
162,0 69,1 20,0 24,0 14,0
125,37 70,4 20,0 21,1 13,1
92,70 20,56 11,9 12,10 5,9
159,3 72,2 20,0 23,1 14,0
160,0 70,0 19,1 24,0 13,1
58,104 20,56 4,14 2,22 2,12
162,0 70,0 18,0 20,2 14,0
160,0 73,3 20,0 24,0 14,0
122,38 66,10 19,1 23,1 11,3
161,1 68,8 20,0 24,0 11,3
157,5 76,0 20,0 24,0 14,0
136,26 70,4 20,0 22,2 14,0
97,65 56,20 14,6 22,2 11,3
157,5 76,0 19,1 24,0 14,0
157,5 65,9 18,2 21,3 13,1
162,0 65,1 18,2 22,0 12,0
143,19 72,0 18,2 16,2 11,1
106,56 30,46 10,10 12,12 6,8
155,1 70,6 17,3 15,9 14,0
158,0 70,0 17,1 24,0 13,1
149,9 59,9 17,3 21,1 12,0
154,2 75,1 14,0 22,0 12,0
159,3 74,0 18,0 20,0 14,0
157,5 59,11 18,0 21,1 12,2
162,0 76,0 18,2 22,0 13,1
157,5 72,2 20,0 22,0 12,0
159,3 66,10 18,2 24,0 11,3
155,7 74,2 20,0 24,0 12,0
152,0 69,1 18,0 16,0 12,0
153,9 67,5 20,0 22,0 14,0
162,0 69,1 19,1 24,0 14,0
86,70 55,13 13,3 18,2 7,7
156,2 63,1 20,0 24,0 14,0
142,20 38,32 12,8 18,6 7,7
162,0 73,3 20,0 24,0 14,0
158,0 70,0 18,0 23,1 14,0
152,6 67,1 17,1 22,0 12,0
159,1 68,6 20,0 23,1 10,4
160,0 72,0 20,0 18,2 12,2
151,1 66,2 19,1 24,0 9,3
153,3 74,0 20,0 24,0 14,0
35,125 6,66 0,18 0,20 0,10
116,38 64,4 15,5 11,7 11,1
159,1 60,0 20,0 24,0 14,0
147,15 58,14 19,1 18,2 11,1
157,3 66,6 14,4 16,6 10,4
161,1 76,0 19,1 24,0 14,0
154,0 73,1 20,0 18,0 13,1
1,159 0,64 0,20 0,24 0,14
158,4 76,0 20,0 24,0 14,0
160,0 71,1 18,0 21,1 13,1
49,113 33,37 8,12 10,12 6,8
157,1 76,0 19,1 22,0 13,1
162,0 63,1 18,0 22,0 12,0
125,37 62,12 12,6 21,3 11,1
15,147 9,59 4,16 2,20 2,12
153,1 46,18 14,4 18,4 9,5
162,0 68,0 18,0 18,0 7,3
13,149 10,66 4,16 2,20 2,12
157,3 56,10 18,2 20,2 11,3
160,2 76,0 18,0 22,0 14,0
150,12 64,2 14,2 19,1 14,0
158,4 70,2 18,0 20,0 14,0
146,0 62,4 19,1 22,0 14,0
162,0 74,0 19,1 24,0 12,0
146,16 69,5 20,0 24,0 14,0
161,1 73,3 20,0 24,0 14,0
142,20 71,1 20,0 22,0 14,0
123,39 53,11 18,2 18,6 12,2
144,0 67,1 20,0 24,0 14,0
86,74 56,14 16,2 21,1 14,0
162,0 70,4 20,0 24,0 14,0
139,21 65,1 19,1 18,0 13,1
139,1 61,13 17,3 12,12 11,3
151,11 57,15 18,2 23,1 11,3
154,4 74,0 18,0 19,1 14,0
162,0 74,2 19,1 21,1 12,0
150,10 71,5 20,0 23,1 14,0
69,93 18,56 3,17 6,16 4,10
4,158 8,62 2,16 1,21 0,10
162,0 74,0 20,0 22,2 14,0
162,0 76,0 19,1 24,0 14,0
137,9 73,3 20,0 22,0 14,0
137,25 74,2 16,4 13,9 10,4
42,120 30,44 4,16 5,19 1,13
160,0 57,1 18,2 21,1 13,1
157,5 70,2 18,0 22,0 12,2
152,0 70,2 20,0 24,0 14,0
156,2 57,1 20,0 20,0 12,0
161,1 74,0 20,0 23,1 10,4
159,3 66,6 19,1 22,0 14,0
138,22 72,4 18,2 19,1 12,2
158,4 74,0 20,0 22,0 14,0
162,0 55,1 20,0 20,0 14,0
148,0 67,1 20,0 23,1 13,1
129,33 73,1 17,3 19,1 12,2
134,28 47,13 19,1 22,2 12,0
162,0 68,0 20,0 14,4 12,0
159,3 70,0 20,0 22,0 14,0
162,0 73,3 20,0 24,0 14,0
154,6 74,2 17,3 22,2 13,1
162,0 75,1 20,0 24,0 14,0
159,3 70,0 17,3 22,0 14,0
156,0 64,2 17,1 21,1 10,0
160,2 76,0 20,0 24,0 14,0
162,0 67,1 20,0 18,0 12,0
161,1 68,2 20,0 20,0 14,0
159,3 72,0 18,0 22,0 12,0
159,1 76,0 20,0 23,1 14,0
161,1 74,0 20,0 22,0 14,0
1,149 1,63 0,20 0,22 0,12
52,108 44,30 10,10 9,15 3,11
150,12 67,1 18,2 21,1 14,0
130,28 73,1 19,1 24,0 10,2
145,17 74,2 18,2 22,0 14,0
109,41 40,34 11,9 15,9 12,2
48,102 16,58 5,13 0,24 5,7
160,0 66,4 18,0 22,0 12,0
159,3 54,6 18,0 22,0 8,2
162,0 68,0 16,0 24,0 12,2
43,119 15,59 6,14 13,11 0,12
2,160 7,65 2,16 0,18 1,11
160,0 63,1 19,1 20,0 12,0
158,4 74,0 20,0 24,0 14,0
162,0 63,1 20,0 20,0 14,0
158,4 76,0 20,0 24,0 14,0
158,0 71,1 20,0 24,0 14,0
162,0 72,0 18,2 24,0 14,0
162,0 70,4 20,0 24,0 13,1
42,118 21,43 4,14 4,16 7,7
133,29 68,0 17,1 22,0 12,0
162,0 63,1 20,0 22,0 10,0
145,15 73,3 20,0 24,0 14,0
11,151 7,65 5,15 1,23 1,13
162,0 74,2 19,1 24,0 14,0
162,0 71,1 20,0 22,0 14,0
126,32 61,3 17,3 24,0 14,0
16,146 11,51 3,17 3,15 2,10
145,17 75,1 20,0 21,3 11,3
160,0 73,1 20,0 22,0 14,0
156,6 69,3 16,4 16,4 13,1
156,6 72,0 20,0 24,0 12,0
159,1 64,0 19,1 15,3 14,0
151,3 64,4 17,1 18,2 14,0
146,0 73,1 20,0 24,0 14,0
157,3 55,5 18,0 20,2 14,0
59,99 30,42 11,9 6,8 3,11
146,16 68,2 20,0 22,0 13,1
0,160 1,75 0,20 0,22 0,12
152,2 76,0 20,0 24,0 14,0
160,2 64,0 15,1 18,0 10,0
160,0 69,3 18,2 17,3 14,0
91,67 60,10 13,7 13,11 12,2
141,5 69,3 20,0 22,0 11,1
155,7 62,0 18,0 20,0 10,0
154,2 67,1 19,1 22,0 12,0
148,14 76,0 18,2 24,0 14,0
148,14 68,0 15,1 20,0 10,0
158,4 68,8 17,1 21,1 11,1
81,81 30,44 7,13 15,9 6,8
94,68 59,11 10,8 16,4 11,1
156,2 67,3 17,1 18,0 14,0
156,6 73,3 17,3 22,2 10,0
0,162 4,60 0,20 1,17 0,14
80,82 41,27 6,14 4,18 9,3
162,0 75,1 20,0 20,0 13,1
2,152 0,66 0,20 0,24 0,12
150,12 59,7 17,1 15,1 10,0
159,1 73,1 15,3 18,2 14,0
154,0 54,2 20,0 16,8 14,0
160,2 72,0 19,1 22,0 14,0
143,19 72,4 18,2 22,2 11,3
162,0 73,1 19,1 24,0 14,0
136,26 74,2 16,4 18,4 14,0
155,7 72,2 20,0 22,0 14,0
154,0 64,2 20,0 20,0 14,0
157,1 65,3 18,0 18,2 12,0
1,161 0,72 0,18 0,22 2,8
138,20 42,28 17,1 18,4 10,4
78,84 45,27 9,11 12,8 5,5
158,4 74,0 19,1 24,0 13,1
157,3 71,1 20,0 23,1 14,0
162,0 55,3 20,0 17,1 12,0
145,17 60,6 17,3 19,3 8,6
1,161 2,66 1,19 2,22 0,14
162,0 74,0 20,0 24,0 12,2
158,0 66,6 20,0 20,0 10,2
136,22 60,8 19,1 24,0 9,3
162,0 74,0 19,1 24,0 12,0
162,0 70,0 20,0 20,2 13,1
162,0 65,1 20,0 22,0 14,0
155,7 71,1 18,0 22,0 14,0
148,0 65,7 17,1 22,0 14,0
160,2 68,0 20,0 24,0 14,0
160,2 49,1 19,1 22,0 14,0
152,0 61,3 20,0 22,0 14,0
1,161 2,66 0,20 0,16 0,14
10,150 0,68 0,20 0,20 0,14
161,1 73,3 19,1 23,1 14,0
156,6 64,4 19,1 19,3 14,0
46,116 25,51 12,8 15,9 6,8
158,0 76,0 20,0 23,1 13,1
160,0 73,1 20,0 24,0 14,0
162,0 72,2 20,0 22,0 14,0
144,6 72,0 20,0 24,0 14,0
158,0 68,2 18,0 18,0 14,0
162,0 69,5 16,0 16,0 12,0
150,12 52,14 13,7 14,8 9,5
158,0 66,2 20,0 22,0 11,3
157,5 75,1 20,0 24,0 12,2
158,4 53,3 20,0 24,0 13,1
129,33 65,9 17,1 20,4 12,0
157,1 72,0 18,0 18,0 14,0
160,0 70,0 14,0 20,0 4,2
152,0 74,2 20,0 24,0 14,0
152,10 66,2 19,1 22,0 14,0
152,0 72,0 20,0 17,1 14,0
150,12 69,5 14,6 21,3 12,2
20,142 3,55 2,16 0,24 0,14
146,0 66,2 20,0 24,0 14,0
1,159 0,76 0,20 0,24 0,14
3,157 0,74 0,20 1,23 2,12
158,4 73,1 20,0 24,0 14,0
162,0 64,2 18,0 16,0 14,0
161,1 73,1 20,0 23,1 14,0
162,0 70,2 20,0 24,0 11,3
156,6 74,0 20,0 14,0 14,0
159,1 71,1 20,0 23,1 12,2
160,2 70,4 19,1 24,0 14,0
93,69 74,0 18,0 24,0 14,0
149,9 74,2 16,4 22,2 14,0
159,1 70,0 18,0 20,0 10,0
162,0 53,1 20,0 19,3 14,0
159,1 70,0 20,0 24,0 12,0
98,64 43,33 13,7 17,7 9,5
161,1 73,3 20,0 23,1 14,0
146,14 65,11 15,5 19,3 12,2
153,1 70,2 20,0 14,0 14,0
75,81 23,49 8,10 5,17 2,12
101,59 18,52 11,9 12,10 5,9
144,0 69,1 18,0 24,0 14,0
154,0 58,0 20,0 23,1 12,0
52,110 6,66 2,18 7,15 4,8
156,6 71,1 18,0 20,0 12,0
149,13 71,5 17,3 24,0 14,0
159,3 76,0 20,0 18,0 12,0
156,0 69,1 20,0 24,0 14,0
150,8 50,20 15,5 19,1 8,4
160,2 73,1 20,0 22,0 12,0
159,1 76,0 20,0 24,0 14,0
162,0 72,2 18,0 22,0 12,2
138,24 70,0 19,1 24,0 13,1
158,4 74,0 20,0 22,0 14,0
148,0 69,1 18,0 22,0 10,0
10,152 0,60 0,20 0,24 0,14
162,0 59,5 18,0 18,4 13,1
159,3 73,3 20,0 24,0 10,2
162,0 73,3 20,0 21,3 14,0
146,0 69,1 20,0 23,1 14,0
133,29 64,2 14,6 20,2 13,1
160,0 73,3 20,0 24,0 14,0
161,1 72,0 14,0 22,0 12,0
157,3 74,0 19,1 24,0 14,0
57,105 9,65 4,16 5,19 2,12
146,14 72,2 17,1 20,2 13,1
150,12 76,0 19,1 24,0 14,0
157,3 64,0 20,0 14,0 14,0
111,33 51,25 12,8 11,9 7,5
161,1 74,0 18,0 22,0 14,0
156,6 75,1 20,0 24,0 14,0
154,8 63,1 20,0 20,0 14,0
158,0 67,1 12,0 20,0 10,0
162,0 71,1 18,0 24,0 14,0
149,3 68,0 18,0 18,0 12,0
160,0 75,1 20,0 18,0 14,0
157,5 72,4 19,1 23,1 13,1
2,160 0,64 0,18 0,18 0,12
161,1 73,1 20,0 22,2 13,1
162,0 76,0 20,0 22,2 14,0
137,25 60,12 14,4 20,4 12,2
161,1 66,0 16,0 20,2 8,0
161,1 54,2 20,0 18,0 12,0
158,0 64,6 17,1 22,2 14,0
157,5 72,0 20,0 24,0 14,0
162,0 65,7 20,0 23,1 14,0
159,1 67,1 20,0 22,0 14,0
156,6 58,18 20,0 24,0 14,0
156,6 60,0 20,0 24,0 14,0
158,2 70,0 16,0 20,0 14,0
143,19 74,0 20,0 24,0 14,0
